0.72756	4	4	4	4	4	4
0.87183	3	3	3	3	3	3
0.62175	0	.	4	.	4	4
0.66142	4	4	4	4	3	1
1.21704	1	4	1	1	1	1
1.4178	3	5	4	5	3	3
0.53739	1	.	0	3	4	2
1.15179	3	1	3	3	3	3
0.8153	2	5	5	5	1	1
0.729	3	5	0	5	4	3
1.6072	4	4	3	.	3	4
0.62012	5	5	0	5	0	0
1.26993	4	5	4	4	5	0
0.66458	5	5	5	5	5	5
0.69078	5	5	5	5	5	5
1.21253	2	4	2	2	1	4
0.7937	5	5	5	5	5	5
0.8153	2	2	2	2	2	2
0.52909	0	5	0	0	3	1
0.96985	3	3	3	3	3	3
1.30552	3	3	3	1	2	4
0.78342	0	0	0	0	0	0
0.66228	4	4	4	4	4	4
0.7191	4	.	5	3	1	1
1.86223	4	3	5	.	.	4
0.58749	5	5	5	5	5	5
0.6255	2	1	4	3	4	5
0.63145	1	2	3	4	5	5
0.65101	1	.	.	.	.	.
0.55503	4	4	4	4	4	4
0.7937	5	5	5	5	5	5
0.82871	3	1	1	1	1	1
0.81696	5	4	3	4	4	3
0.78948	5	5	5	5	5	5
0.52004	5	5	0	5	0	0
0.62126	5	5	1	.	1	2
0.96635	3	4	2	5	2	2
0.71453	.	5	2	.	4	.
0.58013	3	5	4	4	3	3
1.38538	3	3	3	3	3	3
0.72901	0	5	4	3	2	1
1.44924	2	3	1	2	3	2
0.74693	1	1	1	.	1	1
0.55561	1	2	2	2	2	2
0.81696	0	0	1	1	0	1
0.66458	3	3	3	0	5	0
0.78948	0	0	0	0	0	5
0.59119	.	0	0	5	5	5
0.60207	4	4	3	4	4	5
0.61403	4	4	4	4	4	4
1.25671	3	4	2	3	3	.
0.62724	2	2	2	3	2	3
0.78948	1	2	.	5	3	5
0.78948	5	5	5	5	5	5
0.55561	0	0	0	0	0	0
1.37629	4	5	1	5	1	1
0.78948	5	5	4	5	1	5
0.77623	3	3	3	4	4	4
0.74681	2	4	2	0	2	1
1.17497	1	1	1	1	1	1
0.96294	5	5	5	5	5	5
0.57948	5	5	5	5	5	5
1.63061	3	3	3	3	3	3
1.26993	0	4	0	4	4	4
0.66228	0	0	0	0	0	0
0.57123	1	1	1	3	1	1
0.67251	2	4	1	1	1	1
0.63145	.	.	.	.	.	0
0.60824	0	0	0	0	5	0
0.65852	0	0	0	0	0	0
0.76135	1	4	1	1	1	1
1.52861	0	0	0	0	0	0
0.86289	0	0	0	0	0	0
0.56932	3	5	2	5	2	5
0.70175	5	5	5	5	5	5
0.65082	0	.	3	0	3	3
1.19018	3	3	2	2	1	1
0.56338	4	4	4	5	4	4
1.20414	2	2	2	1	2	1
0.56338	4	3	5	3	2	5
1.70085	5	5	2	5	5	5
1.2051	0	0	0	0	4	0
0.63953	4	4	4	4	5	5
0.74961	4	4	4	4	4	4
1.52861	5	5	5	5	3	5
0.67413	.	.	.	.	.	0
0.55503	5	5	5	5	5	5
0.68627	1	2	3	4	5	0
0.56742	.	5	3	.	4	5
0.52909	1	5	5	5	5	5
0.59119	0	0	0	0	0	0
0.62724	5	5	0	3	4	3
0.57916	2	3	5	0	0	5
0.83283	2	4	5	4	3	4
0.56932	5	4	5	4	5	4
2.50087	0	0	0	0	0	0
0.7191	4	4	3	3	3	3
1.10905	.	0	5	4	3	3
0.78846	5	5	5	5	5	5
1.9397	0	0	0	0	1	0
0.19487	1	4	1	4	3	1
0.16203	2	5	1	5	1	5
0.08966	2	3	4	4	5	0
0.09855	4	3	3	4	3	4
0.13088	4	4	4	4	4	4
0.90719	3	3	5	5	5	1
0.11596	3	5	1	5	3	4
0.51031	5	5	5	5	5	5
0.0809	4	4	4	4	4	4
0.13524	2	4	4	4	3	3
0.73192	1	5	1	5	1	1
0.79007	1	1	1	.	1	1
0.18505	2	2	2	2	2	2
0.13624	1	5	3	.	4	5
0.1214	3	3	3	3	3	1
0.0835	2	5	1	5	2	1
0.71396	5	5	1	5	1	1
0.68331	3	3	3	3	3	3
0.16082	5	0	2	0	3	1
0.75345	1	1	1	1	1	1
0.13839	3	3	1	3	3	4
0.20758	1	1	1	1	1	1
0.86865	1	4	1	4	1	2
0.61448	1	1	2	.	1	1
0.18637	5	5	5	5	5	5
0.70539	3	4	2	4	3	2
0.10725	5	5	1	5	2	5
0.65889	3	5	1	5	1	3
0.11709	3	3	3	3	3	3
0.10655	5	5	5	1	5	5
0.83864	3	5	1	5	1	5
0.10809	0	0	0	1	0	0
0.19708	1	1	1	1	1	1
0.20156	2	4	2	4	2	2
0.27837	3	5	2	5	1	5
0.06731	2	2	2	2	1	1
0.11747	0	0	0	0	0	0
0.08824	5	5	0	5	1	1
0.12229	0	5	0	5	0	0
0.13061	3	2	4	3	1	0
0.58051	4	4	5	4	5	4
0.0835	3	5	1	4	1	1
0.74413	0	0	0	0	3	3
0.83864	1	4	2	1	1	1
0.73527	3	5	5	3	5	5
0.63249	5	5	.	1	1	5
0.68331	.	.	.	3	.	.
0.87002	3	5	0	5	1	4
0.16947	1	5	0	5	0	0
0.10027	3	5	3	5	3	3
0.18765	3	4	5	4	4	1
0.18505	2	4	1	4	3	4
0.08964	5	5	1	5	1	5
0.08194	4	4	1	5	1	4
0.53728	2	2	2	2	2	2
1.06454	4	5	1	5	1	5
0.99689	4	4	1	4	1	5
0.12928	5	5	3	5	5	3
0.7917	1	3	1	1	1	1
0.94218	2	2	4	.	2	2
0.68822	3	4	1	1	1	1
0.59858	1	1	1	.	.	.
0.67472	2	2	2	2	2	2
0.10298	3	3	3	3	3	3
0.88877	.	.	.	.	1	.
0.20171	.	4	4	4	4	4
0.15055	2	3	2	4	3	2
0.89904	3	4	0	4	1	3
0.63249	0	0	0	0	0	0
0.07124	4	4	1	4	4	4
0.18325	1	4	1	4	1	2
0.12229	2	1	1	1	1	2
0.99689	5	5	5	5	5	5
0.08964	4	4	1	4	3	4
0.16466	3	3	3	3	3	3
0.10982	2	4	1	3	1	1
0.08824	3	5	1	5	1	1
0.20195	1	2	2	2	2	3
0.18637	5	5	0	5	1	5
0.13352	0	4	4	2	2	4
0.13655	1	0	1	1	1	1
0.51178	2	5	1	5	1	1
0.56855	1	1	1	3	.	4
0.09559	2	3	1	1	1	1
0.15368	4	4	1	4	1	3
0.13352	5	5	1	5	5	4
0.09077	1	0	5	1	1	1
1.6766	3	.	.	.	.	.
0.11382	.	3	4	4	5	.
0.61931	5	5	4	4	4	4
1.65756	5	5	1	5	3	5
0.62235	2	3	1	1	3	3
1.0619	5	5	0	5	5	5
0.14922	3	5	2	2	4	4
0.80868	4	4	4	4	4	4
0.13168	5	5	1	5	1	5
0.08824	1	2	1	2	1	2
0.10414	2	2	2	2	2	2
0.69857	5	5	3	5	1	1
0.15716	4	.	3	4	4	4
0.49945	4	4	1	5	4	4
0.46448	4	4	4	3	3	4
0.51768	4	4	1	5	0	3
0.87302	3	5	1	5	1	5
0.6971	5	5	1	5	5	5
0.2199	4	5	2	5	3	3
0.528	5	5	3	5	0	5
0.42586	5	5	1	5	3	4
0.70475	4	4	4	4	4	4
0.54509	5	3	2	5	4	3
0.53919	5	5	4	5	3	1
0.48438	4	5	1	5	1	1
0.37894	3	5	1	4	1	3
0.52428	4	5	1	5	1	4
0.3461	5	5	1	5	3	3
0.6102	5	5	1	5	1	5
0.38064	4	4	1	4	1	1
0.11002	3	5	1	5	1	5
0.08558	5	5	5	5	5	5
0.37837	4	4	1	5	1	2
0.21533	5	5	1	1	1	1
0.54477	4	5	1	.	1	1
0.96172	4	5	1	5	1	1
0.22468	5	5	5	5	5	5
0.37901	4	4	4	4	4	4
0.54064	5	5	5	5	5	5
0.60486	5	5	1	5	1	1
0.5235	4	4	1	4	3	3
0.34722	4	4	2	3	4	3
0.6102	4	4	4	4	4	4
0.29443	4	4	0	5	1	5
0.39685	5	5	1	5	1	2
0.37966	5	5	1	5	2	3
0.59198	4	5	5	5	4	3
0.31166	1	2	1	1	1	1
0.43137	5	5	3	5	3	1
0.2348	4	2	1	4	1	1
0.32687	5	5	1	5	1	5
0.14799	5	4	.	5	1	5
0.69625	5	5	1	5	5	1
0.49354	4	4	1	5	5	2
0.34498	4	1	1	4	3	3
0.29367	3	4	1	4	1	1
0.31363	2	3	3	3	3	3
0.14271	5	5	1	5	5	5
0.5428	5	5	5	5	1	1
0.19483	5	5	1	5	3	5
0.56711	5	5	1	5	1	1
0.32714	4	4	2	5	3	2
0.19721	3	5	1	5	3	2
0.2034	2	5	3	5	5	3
0.46535	4	4	1	4	2	4
0.15142	5	5	4	5	1	4
0.51482	3	3	5	5	1	1
0.62662	4	.	5	4	4	4
0.13508	5	5	1	5	1	3
0.2034	5	5	4	5	5	5
0.20322	3	5	1	5	1	2
0.27981	5	5	2	5	1	5
0.3484	5	5	5	5	0	5
0.21164	5	5	1	5	2	5
0.30568	5	5	5	5	1	5
0.17173	5	5	1	5	1	3
0.17264	3	5	1	3	2	2
0.55005	5	5	5	5	5	5
0.26335	4	2	1	4	2	2
0.27562	5	5	0	5	3	5
0.44511	5	5	5	5	5	5
0.42476	0	0	0	0	0	0
0.11329	5	5	5	5	5	5
0.36561	4	4	4	4	4	4
0.1164	5	2	5	5	5	5
0.03733	3	4	.	4	.	.
0.23119	5	5	1	5	1	5
0.30968	4	5	1	5	1	1
0.48686	4	4	4	4	2	3
0.25428	5	5	5	5	5	5
0.09673	5	5	1	5	1	1
0.67557	0	0	0	0	2	0
0.12291	5	5	1	5	1	1
0.43116	5	1	1	5	1	1
0.58065	3	5	1	5	1	1
0.06089	4	5	3	5	3	2
0.39741	5	5	5	5	5	5
0.14803	5	4	1	4	2	2
0.44384	3	4	0	4	1	1
0.40841	4	4	4	4	4	4
0.17607	3	5	1	5	1	3
0.64767	4	5	1	5	3	3
0.27029	5	4	1	5	3	5
0.13474	4	4	5	5	4	0
0.53817	2	4	1	4	2	4
0.28987	4	4	4	4	4	4
0.48221	1	2	1	2	5	4
0.10688	5	5	3	5	1	4
0.24828	4	5	2	5	4	3
0.47659	4	5	1	5	1	3
0.20784	4	5	1	4	0	3
0.37665	4	5	0	4	3	1
0.29657	2	4	2	3	4	3
1.7196	.	0	4	2	3	0
0.61029	5	5	1	5	1	5
0.625	5	4	3	4	4	4
1.44324	1	5	1	1	1	1
0.72783	4	5	1	2	1	3
0.75437	3	4	0	2	2	0
0.64524	3	5	5	5	2	3
0.80891	5	5	5	4	5	5
0.65296	3	3	0	4	4	3
0.75838	4	4	4	4	2	2
0.76741	3	5	5	2	3	3
0.9391	5	5	1	5	2	3
0.76479	3	5	1	5	2	3
0.63279	3	5	3	1	1	1
0.53085	2	4	1	4	2	2
0.74314	3	5	1	.	3	2
0.60162	2	5	3	5	1	2
0.72883	4	5	1	3	3	4
0.78143	5	5	2	5	1	3
0.76295	4	5	4	4	2	5
0.45629	4	5	0	5	1	3
0.89058	1	5	1	1	1	1
0.77808	3	4	3	4	3	3
0.96662	5	5	1	5	3	1
1.41676	5	5	2	1	1	3
0.65833	3	5	1	3	1	2
0.92932	2	5	1	4	1	5
0.625	1	5	4	1	1	1
0.60105	5	5	1	5	1	1
0.65233	2	3	.	4	4	4
0.48296	3	3	3	3	3	3
0.79227	3	5	4	5	3	2
0.70725	4	5	4	4	4	5
0.63802	2	5	3	5	2	4
0.89873	4	5	2	4	2	4
0.80601	5	5	0	5	3	4
0.87319	3	5	1	5	2	1
0.79106	1	1	1	1	1	1
0.82942	2	2	3	2	3	2
0.63558	5	5	5	5	3	2
0.79227	3	5	5	5	5	3
0.92383	3	5	1	5	3	3
0.70253	5	5	5	5	1	5
0.69493	4	4	1	4	1	3
0.89873	3	3	3	3	3	3
0.64549	3	5	1	5	1	5
0.69212	2	2	3	3	3	3
0.64144	4	5	4	4	1	1
0.80658	4	4	1	4	4	4
0.74267	5	5	2	4	1	1
0.75506	4	5	2	3	1	1
1.24825	2	3	3	4	2	0
1.00995	3	2	2	3	3	3
0.846	4	4	3	4	1	4
0.55066	2	3	4	.	2	3
0.70289	5	5	1	5	1	2
0.5687	3	5	1	5	1	1
0.74401	3	5	0	5	1	4
0.91134	5	5	5	5	5	5
0.47135	2	5	2	5	1	2
0.61965	5	5	5	5	5	5
0.66517	4	4	2	3	1	1
1.00975	4	5	1	5	1	1
0.59483	5	5	5	5	5	5
1.65893	2	2	2	2	2	2
0.79008	4	.	4	4	3	0
0.49663	1	1	1	1	1	1
0.48592	3	5	5	5	1	3
0.6343	5	5	1	5	1	5
0.69694	5	5	3	5	1	1
0.62489	2	5	3	2	1	2
0.61029	5	5	5	5	3	5
0.7909	3	5	2	3	1	2
0.47368	4	4	4	4	1	1
0.71668	3	5	2	4	1	1
0.59483	5	5	1	5	1	5
0.79911	2	5	4	4	0	1
0.70896	1	1	0	1	0	1
0.54954	4	4	1	3	4	0
0.66517	5	5	5	5	5	5
0.74786	5	5	1	5	5	5
0.77668	3	5	1	3	2	3
0.71991	3	5	0	5	1	2
0.70189	5	5	4	5	5	1
0.75068	2	5	1	5	1	3
0.78695	5	5	1	5	1	5
0.86409	5	5	1	5	3	3
0.65981	3	5	0	5	1	3
0.98613	4	5	1	5	2	4
0.59776	5	5	1	5	3	4
0.75437	5	5	5	5	4	1
0.73371	4	4	1	4	1	4
0.58423	4	4	4	3	4	4
0.68852	5	.	5	5	5	5
0.64617	3	3	3	3	.	.
0.64549	0	4	4	3	3	3
0.85923	3	5	1	2	1	1
0.54954	4	5	1	2	2	3
0.84328	4	5	2	4	2	3
0.68565	5	.	2	5	3	4
0.44311	5	5	1	5	1	4
0.68153	4	4	1	4	4	4
0.52337	2	5	4	4	1	1
0.67585	3	3	4	4	5	0
0.45206	5	5	5	5	3	5
0.63547	3	5	5	5	0	1
0.53804	4	5	4	5	1	1
0.66442	1	1	1	1	1	1
0.67909	3	5	1	5	1	1
0.58897	3	5	3	5	4	4
0.66701	4	4	1	4	3	1
0.44311	4	5	1	5	1	1
0.59685	4	4	1	4	2	4
0.88497	5	5	5	5	0	3
0.30125	5	5	3	5	1	5
0.77853	1	5	1	5	1	5
0.67569	5	5	4	4	2	5
0.52466	2	2	1	1	1	1
0.74218	5	5	3	5	3	4
0.0395	1	5	5	0	1	0
0.55457	3	4	2	4	2	2
0.87276	2	4	2	5	1	4
0.32987	4	5	3	5	1	1
0.42753	4	5	4	5	3	1
0.66766	4	4	2	4	1	3
0.86879	4	4	3	4	4	5
0.7167	4	4	1	4	4	1
0.75964	3	5	5	4	3	3
0.77628	4	5	0	4	4	4
0.54786	3	5	1	5	1	5
0.71154	3	4	0	4	1	1
0.55457	3	3	2	3	2	3
0.5593	5	5	1	4	2	2
0.63782	5	5	5	5	5	5
0.55999	5	5	0	5	0	0
0.75137	4	4	4	4	4	4
0.63971	3	4	3	4	2	2
0.81671	1	1	1	1	1	1
0.6163	4	4	2	4	1	1
0.76832	2	5	.	5	2	2
0.57125	5	5	3	5	4	4
0.52635	3	5	2	5	2	1
0.64562	5	5	1	5	2	5
0.67932	4	5	3	5	2	1
0.71743	4	2	2	3	2	3
0.6306	5	5	5	5	5	5
0.77798	5	5	1	5	5	1
0.52337	3	3	1	3	3	3
0.99515	5	5	1	5	1	5
0.62639	5	5	2	5	2	5
0.45848	2	4	0	2	1	3
0.0395	5	4	1	5	2	5
0.57393	4	5	4	5	1	2
0.62984	3	5	5	5	3	5
0.49726	5	5	0	5	1	4
0.89016	4	5	2	5	3	4
0.80287	5	5	1	5	5	5
0.67804	2	3	2	4	3	4
0.0395	5	5	3	5	1	1
0.53195	4	4	4	4	4	4
0.76259	2	5	1	4	1	1
0.41877	4	5	4	5	1	3
0.51665	5	5	4	5	3	4
0.52332	4	5	3	5	1	1
0.04627	1	4	4	4	1	5
0.77798	.	5	5	5	4	5
0.55614	4	4	4	3	5	3
0.64922	4	5	4	5	4	3
0.66665	5	5	5	5	3	5
0.46849	5	5	5	5	5	5
0.42753	5	5	4	5	1	2
0.6884	1	5	2	4	1	5
0.50326	3	5	1	4	1	3
0.76167	5	5	1	5	1	1
0.54607	3	5	3	5	2	1
0.54225	4	5	5	5	4	3
0.72803	4	4	1	4	1	4
0.60969	3	5	4	5	5	3
0.5268	5	5	2	5	2	1
0.52851	5	5	2	5	1	5
0.44314	5	5	5	5	5	5
0.04198	3	4	4	3	4	4
0.50147	5	5	3	5	1	2
0.5629	3	2	1	3	3	3
0.03887	3	3	4	4	4	3
0.52212	4	5	5	5	2	1
0.65066	5	5	5	5	5	5
0.56055	3	3	.	3	3	3
0.48105	4	5	4	5	3	3
0.53888	5	5	1	5	1	5
0.71056	4	4	2	4	3	3
0.87604	1	5	4	3	2	1
0.7167	4	5	4	5	4	3
0.51858	4	5	1	4	.	2
0.91995	5	5	1	5	1	1
1.03976	5	5	5	5	5	5
0.62668	4	4	4	4	4	4
0.52332	3	5	1	5	2	4
0.44077	5	5	1	5	5	5
0.62639	4	5	2	5	2	0
0.56184	.	2	3	2	.	0
0.6573	3	3	3	3	3	3
1.20301	3	3	3	3	3	3
0.65173	5	5	5	5	5	5
0.70604	4	4	1	4	4	2
0.7076	0	1	0	4	2	1
0.69635	1	3	5	3	4	3
0.6752	.	.	3	.	4	.
1.54787	4	4	1	4	4	4
0.79983	4	4	4	4	4	4
0.72841	5	5	0	5	5	1
0.76914	.	4	4	.	3	2
1.10282	3	3	4	3	4	3
0.65173	2	4	2	4	2	2
0.91598	3	3	3	3	3	3
0.65173	5	4	3	4	4	5
0.92009	0	5	4	3	2	1
0.67421	2	2	1	2	2	1
0.91598	5	5	5	5	5	5
0.75879	4	5	1	5	4	1
0.8132	3	5	1	5	2	1
0.65173	4	4	4	4	4	4
0.7623	5	5	5	5	5	5
1.47726	1	1	1	1	1	1
0.72156	2	1	2	1	2	1
0.59742	4	3	3	.	4	.
0.78155	1	4	1	4	1	2
0.65173	4	4	2	4	4	4
0.75738	1	4	2	4	1	4
0.65173	1	4	1	4	4	0
0.66042	3	4	4	4	2	5
0.70297	4	4	1	4	1	3
0.65173	5	5	5	5	1	1
0.56184	4	3	5	4	4	5
0.78933	4	4	4	4	4	4
0.78394	3	4	3	4	3	4
0.85991	4	4	1	4	1	1
1.09238	0	0	0	0	0	0
0.76696	4	4	4	4	3	2
0.78439	5	5	5	5	4	5
0.67148	.	.	.	4	.	.
1.42683	4	.	4	5	4	0
0.79442	4	5	4	5	1	5
0.74616	4	5	1	4	4	5
0.8132	4	5	4	5	4	4
0.88017	3	5	1	5	3	2
0.72154	2	3	4	5	0	4
0.79983	5	5	5	5	5	5
0.81491	1	5	1	5	1	5
0.58924	1	1	1	1	1	1
0.65173	4	4	2	4	4	4
0.85991	3	5	2	4	2	2
0.86323	3	4	4	4	3	3
0.86323	4	4	4	4	4	4
0.86629	3	4	0	4	1	2
0.82203	1	1	1	1	1	1
1.09238	5	5	5	5	5	5
0.86586	.	4	.	.	.	.
0.73611	2	2	2	2	2	2
0.82584	4	4	4	4	4	4
0.83507	4	4	0	4	2	3
0.82203	4	4	1	4	4	4
0.7138	1	4	1	4	1	1
0.6473	.	1	1	.	.	1
0.87898	5	5	0	5	5	5
0.8183	5	5	0	5	5	5
1.58537	4	4	0	4	1	4
0.61163	4	4	3	3	4	4
1.03955	3	3	3	3	3	3
0.82708	4	4	1	4	4	4
1.0151	3	3	3	2	2	3
0.72154	.	.	.	.	.	0
1.78354	3	.	.	.	.	.
1.03392	4	4	1	4	1	1
0.82701	1	1	1	1	1	1
0.86323	5	5	1	5	1	5
0.78318	4	4	4	4	4	4
0.74616	4	5	4	5	4	5
0.79656	5	5	5	5	5	5
0.65173	5	4	4	3	4	4
1.22119	2	2	3	4	4	2
1.39036	4	4	4	5	5	5
0.63711	5	5	3	5	3	5
1.30347	2	2	2	2	2	2
0.86286	.	1	.	2	5	0
0.67238	4	4	4	4	4	4
0.73509	0	0	0	0	0	0
1.41519	.	4	4	5	5	5
1.51076	3	5	3	4	3	2
0.68136	3	3	4	4	3	3
0.71959	4	4	4	4	4	4
0.7294	.	2	3	.	4	4
0.9265	0	2	3	4	5	0
1.03955	5	5	0	5	2	5
0.91598	4	4	4	4	4	3
0.70266	4	4	4	4	4	4
0.79983	3	3	3	3	3	3
0.67421	2	3	2	3	2	4
0.91243	4	4	1	4	4	4
0.89879	3	3	4	3	4	3
0.53248	4	5	3	5	1	5
0.32591	1	1	1	4	.	3
0.35807	1	2	1	1	1	1
0.28763	1	5	1	5	5	5
0.4969	5	5	5	5	5	5
0.35184	5	4	3	5	3	3
0.21736	4	4	1	4	2	2
0.54452	1	5	1	5	1	5
0.29414	4	4	4	4	4	4
0.71016	1	5	4	5	2	1
0.2337	1	1	1	2	2	1
0.50032	1	2	2	5	3	2
0.44781	1	1	1	1	1	1
0.4297	5	5	3	5	2	2
0.72756	3	4	2	4	1	1
0.47006	1	4	1	5	1	1
0.18684	5	5	1	5	1	5
0.5586	2	5	1	1	1	1
0.72756	1	5	1	5	1	1
0.51296	5	5	1	5	1	3
0.58983	1	5	1	5	1	1
0.27364	1	2	3	4	5	0
0.44016	4	4	4	4	4	4
0.50321	3	5	2	4	4	2
0.36107	4	4	0	4	1	3
0.80534	3	.	4	3	3	.
0.40436	1	5	1	5	1	1
0.27233	5	5	3	5	3	3
0.45054	5	5	5	5	5	5
0.18747	4	5	0	5	4	3
0.43082	3	3	1	1	1	1
0.74988	5	4	3	5	3	5
0.59725	5	5	1	5	5	1
0.49038	1	4	1	5	1	5
0.44054	.	4	.	5	.	0
0.64269	1	2	3	4	4	4
0.41871	1	2	1	2	1	1
0.41149	4	5	1	5	1	1
0.45167	1	5	1	4	2	2
0.44344	4	4	1	3	1	1
0.39954	1	5	2	5	1	1
0.50155	3	4	3	4	3	4
0.60956	4	4	1	4	4	4
1.68426	1	4	1	4	1	1
0.44534	3	4	0	4	3	3
0.52424	1	5	.	5	1	1
0.47837	4	4	1	4	1	1
0.44034	4	5	5	5	1	1
0.75294	3	5	.	5	5	5
0.31214	2	2	2	2	2	2
0.36552	1	1	1	3	1	1
0.38407	.	.	.	.	4	.
0.36088	3	3	1	1	1	1
0.27364	2	2	2	2	2	2
0.42089	2	1	1	2	2	2
0.40517	5	5	0	5	1	5
0.4391	1	5	0	5	1	5
0.30564	1	1	1	1	1	1
0.35712	2	3	4	3	0	3
0.51593	2	5	1	5	1	1
0.54003	2	2	2	2	2	2
0.47905	1	4	1	1	1	1
0.43435	1	1	1	1	1	1
0.38407	4	4	3	.	5	3
0.29828	4	3	3	3	3	3
0.38837	1	1	1	1	1	1
0.4568	3	4	3	5	5	5
0.61079	3	4	1	3	1	1
0.50266	1	1	1	1	1	1
0.15307	3	4	1	3	1	1
0.49015	5	5	1	5	3	2
0.33079	2	2	2	2	2	2
0.38834	1	0	0	5	1	1
0.47901	1	5	1	5	1	1
0.18684	3	5	1	5	3	3
0.27515	3	5	3	5	5	3
0.57164	2	5	2	5	2	2
0.29999	2	5	0	5	0	0
0.08177	4	5	4	5	5	2
0.50496	2	2	3	3	3	4
0.34928	2	5	1	5	1	1
0.35099	5	5	1	5	1	5
0.28616	1	1	1	1	1	1
0.83744	3	3	3	3	3	3
0.4236	5	5	1	5	5	5
0.51832	1	2	1	2	1	1
0.3556	4	4	4	4	4	4
0.32914	1	1	1	1	1	1
0.35069	2	2	2	2	2	2
0.42187	2	3	1	2	1	1
0.27146	5	5	1	5	3	1
0.57164	3	5	.	5	1	5
0.7459	5	5	5	5	3	3
0.61182	4	4	4	4	4	4
0.44131	1	0	1	1	0	1
0.39611	4	4	4	4	4	4
0.47049	0	5	5	0	5	5
0.48251	5	5	0	5	1	1
0.21736	5	5	0	5	5	5
0.37022	0	5	5	5	5	5
0.85054	4	5	4	5	2	5
0.88926	2	5	3	5	1	5
0.88013	4	4	1	4	1	4
0.83612	3	4	3	4	3	3
0.84983	4	5	1	5	1	5
0.88071	4	4	1	4	4	4
0.8479	2	1	1	1	1	1
0.85756	2	5	2	5	2	2
0.89006	2	2	2	2	1	1
0.88013	5	5	1	5	1	5
0.91521	2	2	2	2	2	2
0.88949	2	4	2	4	1	5
0.88572	3	4	3	4	3	3
0.88926	1	3	3	2	1	1
0.88949	3	5	0	5	5	0
0.88629	1	5	1	1	5	2
0.86309	5	5	1	1	1	5
0.86309	4	4	2	5	2	5
0.85935	2	5	0	5	2	0
0.8479	0	0	0	0	0	0
0.89632	5	4	4	4	3	3
0.8693	3	4	0	4	4	1
0.91761	3	4	0	2	0	2
0.88921	4	4	4	4	1	2
0.88921	5	5	5	5	3	5
0.88257	4	4	1	4	1	1
0.95557	4	4	1	4	5	5
0.90044	5	5	2	5	1	1
0.96779	3	4	1	4	3	3
0.88071	4	4	3	4	3	4
0.86309	3	5	1	5	4	5
0.91761	1	4	1	4	4	1
0.91128	2	4	1	4	1	3
0.9476	3	3	4	2	3	4
0.93703	2	3	1	2	1	1
1.05289	4	4	3	4	3	3
0.84918	1	2	1	1	1	3
0.86309	4	4	1	4	4	4
0.96154	5	5	5	5	3	5
0.89632	3	5	5	4	3	5
0.95557	3	3	3	3	3	3
0.90044	0	4	3	4	1	4
0.88257	2	5	1	1	1	4
0.89065	2	4	1	4	3	4
0.92413	4	4	4	4	3	4
0.89186	4	4	4	4	4	4
0.88926	2	4	1	.	1	4
0.99289	4	4	5	4	4	5
0.83612	5	5	3	5	2	5
0.90728	5	5	3	5	5	1
0.85935	1	4	1	4	4	4
1.6165	5	5	3	4	1	5
0.89806	5	5	4	4	4	3
0.85557	5	5	2	5	5	5
0.8693	2	5	2	5	1	4
0.88949	5	5	5	5	5	5
0.84961	3	5	1	1	2	1
0.93703	.	5	.	.	.	.
0.88949	2	4	1	4	1	1
0.88257	2	3	1	1	1	1
0.89339	4	4	1	4	4	4
0.88949	3	5	5	5	2	3
0.88071	5	5	5	5	5	5
0.84562	1	4	1	1	1	3
0.84983	3	5	0	0	0	0
0.8479	2	4	2	4	2	4
1.05289	1	4	3	3	2	4
0.88629	2	4	0	4	4	3
1.22959	4	4	3	4	2	5
0.86309	1	1	1	1	1	1
0.88926	4	4	4	4	4	4
0.91128	3	5	1	4	4	4
0.88949	4	4	3	4	5	4
0.88257	3	5	0	4	2	3
0.97223	2	5	1	3	1	5
0.89806	2	3	2	2	2	2
0.88926	2	5	3	5	1	1
0.83612	2	4	1	1	1	5
0.88257	2	5	1	5	3	2
0.83612	5	5	5	5	4	4
0.83612	5	5	0	5	1	5
0.8693	4	4	4	5	2	1
0.84961	4	4	2	3	3	4
0.88921	4	4	2	4	2	1
0.87328	5	5	5	5	3	5
0.86281	3	4	1	1	1	1
0.89632	3	4	1	4	1	4
0.85557	3	4	1	4	1	3
0.89632	4	4	3	4	4	3
0.89339	5	5	0	5	5	5
0.86309	.	.	3	.	.	.
1.05289	5	5	1	5	1	4
0.91761	1	5	1	1	1	1
0.92616	4	4	0	4	1	3
0.94064	4	4	4	4	4	4
0.97223	4	4	2	4	1	3
0.86495	4	3	4	3	3	3
0.88572	4	4	1	4	3	4
0.88345	2	4	0	4	1	4
0.91575	2	4	1	4	1	4
0.8611	4	5	0	5	1	1
1.25842	4	5	5	5	3	5
0.81068	5	5	1	5	1	3
0.53523	5	5	2	5	3	5
0.892	4	5	4	4	0	0
0.33962	2	2	2	2	3	1
0.70394	4	5	4	4	3	2
0.66106	5	5	5	5	5	5
0.53523	5	5	5	5	1	1
0.82731	3	5	0	5	1	3
0.79851	4	5	1	5	1	3
0.75322	5	5	1	5	2	5
0.97689	5	5	1	5	5	5
0.90299	2	5	1	5	1	2
0.65637	3	4	2	4	3	3
0.53523	5	0	0	0	5	4
0.10116	3	5	0	5	0	4
0.84514	4	5	1	5	3	2
0.89948	1	1	1	1	1	1
0.85961	4	5	5	1	1	1
0.11559	5	5	5	5	5	5
0.942	2	5	5	5	1	1
3.05136	4	4	1	1	1	1
0.84993	3	5	0	3	0	0
0.77118	2	3	1	5	1	0
0.82731	3	5	1	1	1	4
0.5467	2	4	2	2	1	4
0.606	5	4	2	5	3	5
0.81756	2	3	1	2	3	2
1.13482	5	5	0	5	5	5
0.97689	3	5	1	5	2	1
0.67088	3	5	4	3	2	2
1.10322	3	5	1	5	1	1
0.64203	3	5	1	5	1	1
0.62272	4	4	1	4	1	3
0.23119	2	2	.	1	2	2
0.9452	3	4	1	4	1	4
0.53919	3	5	4	4	3	3
0.75087	3	3	3	3	3	3
0.88697	3	3	3	3	3	3
0.7621	5	5	5	5	1	5
0.69043	1	5	1	3	1	1
0.64013	3	5	5	5	5	2
0.6156	4	5	0	5	0	3
0.90846	5	5	2	5	1	5
0.61297	4	5	1	5	4	1
1.03996	5	5	1	5	1	2
0.80403	4	5	3	5	3	3
0.7727	2	5	5	5	1	3
0.69737	2	2	2	2	2	1
0.81756	5	4	4	5	4	4
0.69884	5	5	4	5	4	3
0.89948	4	4	1	4	1	1
0.83516	5	4	4	4	5	4
0.95613	5	5	1	5	1	5
0.67962	0	5	4	5	0	5
0.76922	3	5	1	5	1	2
0.82731	5	5	5	5	1	5
0.80213	3	5	1	5	1	0
0.30632	4	4	3	1	1	1
0.41169	5	5	5	5	5	5
0.72568	5	5	5	5	0	5
0.86134	3	5	1	4	4	4
1.50258	5	5	1	5	1	5
0.78926	1	3	5	1	3	1
0.72245	4	4	1	3	3	3
0.70394	5	5	0	5	0	0
0.10987	3	5	1	5	3	4
0.76047	5	5	5	5	4	3
0.55481	5	5	1	5	1	1
0.60963	2	5	1	5	2	4
0.76047	3	5	5	5	3	1
0.67705	3	4	1	.	1	2
0.34311	3	5	1	5	5	1
0.79851	4	4	1	4	3	2
0.67705	2	4	3	4	2	4
0.73598	4	4	1	5	1	3
0.49249	5	5	3	5	4	4
0.89771	3	5	3	5	3	3
0.10987	3	5	1	5	5	5
0.33962	1	5	1	3	3	1
0.67514	4	3	4	2	3	3
0.79525	3	5	1	3	1	1
0.77288	5	5	5	5	4	4
1.67437	3	2	2	3	1	1
0.49249	4	4	3	4	2	4
0.77734	5	5	1	5	2	2
0.762	4	4	2	4	3	2
0.9452	3	5	2	5	1	3
0.39401	4	5	2	5	2	1
0.86972	3	5	0	5	5	1
0.70343	4	5	5	4	4	4
0.83153	5	5	1	5	1	4
0.76047	3	5	5	4	3	2
0.79711	5	5	5	5	1	1
1.45497	5	5	1	5	1	5
0.94723	5	5	5	5	1	2
0.66226	5	5	1	5	1	5
0.71268	2	2	2	2	2	2
0.72112	3	1	3	3	3	1
0.19165	5	5	1	5	3	3
0.19737	4	4	2	5	4	5
0.9645	2	4	2	4	2	1
0.21725	5	5	0	5	0	0
0.21401	4	4	1	4	1	4
0.82442	3	4	2	4	3	3
1.07655	5	5	3	5	3	5
0.51025	5	5	5	4	1	1
0.86808	5	4	3	3	4	4
0.24204	4	4	1	4	1	4
0.20555	5	5	1	5	1	5
0.23433	4	4	1	4	1	1
1.93848	4	4	2	4	4	4
0.87812	4	5	1	5	1	1
0.99768	2	5	4	5	1	5
0.71004	3	5	0	5	0	2
0.95938	4	4	1	4	1	4
0.22396	5	5	1	5	1	5
0.91576	1	5	1	5	5	5
0.87311	5	5	0	5	0	4
1.47509	5	5	1	5	3	5
1.95348	3	3	4	3	4	4
0.70284	2	4	1	4	1	4
1.05236	1	5	1	5	1	1
0.49884	5	5	1	5	1	5
0.95138	5	5	5	5	5	5
0.19118	5	5	0	5	0	0
0.72898	3	5	1	4	2	2
0.54379	5	5	5	2	2	4
0.17602	5	5	1	5	5	5
0.09737	4	4	1	4	4	4
0.71995	4	4	2	4	4	2
1.0111	0	1	0	1	0	2
0.83115	0	5	0	5	3	0
0.94115	4	4	1	4	1	1
0.74011	5	5	5	5	5	5
0.92134	5	5	1	5	5	5
0.83115	1	4	1	4	1	1
1.28851	1	4	1	4	4	1
0.9645	5	5	1	4	1	2
0.21191	3	5	4	5	.	4
0.50211	1	5	0	4	0	0
0.27677	4	5	2	5	3	4
1.57899	5	5	5	5	5	5
0.15515	2	5	2	5	1	1
0.93907	1	1	1	1	1	1
1.25572	4	4	4	4	4	4
0.51025	1	5	1	4	1	1
0.30024	5	5	5	5	5	5
1.07655	3	5	2	5	4	4
0.74011	1	.	2	1	1	1
0.9689	5	5	2	5	1	3
0.22396	4	4	4	4	4	4
0.87311	5	5	0	5	3	3
0.09737	4	4	0	4	1	4
0.20555	5	5	1	5	1	1
0.77405	5	5	1	5	1	1
1.24231	3	4	1	4	1	3
0.29045	4	5	3	5	2	2
0.29045	5	5	3	5	1	5
0.92543	2	5	2	5	1	4
0.78972	5	5	0	5	0	0
0.87833	2	3	2	2	3	3
0.94452	5	5	1	5	2	5
0.80702	4	4	4	4	4	4
0.23585	4	4	1	4	0	4
0.25221	4	4	2	4	2	3
0.98035	2	5	2	5	1	1
0.73539	4	.	2	5	2	4
0.22853	4	4	4	4	4	4
1.28851	2	3	3	3	2	3
0.88857	2	5	0	3	0	5
0.86526	2	2	2	2	2	2
1.17549	5	5	5	5	1	1
0.88212	4	1	1	5	1	1
0.99346	5	3	0	5	0	2
0.66922	5	5	5	5	5	5
1.10425	5	5	5	5	5	5
0.96161	1	2	3	5	2	4
0.81495	3	4	1	4	1	1
0.97872	5	5	5	5	5	5
0.18305	3	5	4	4	0	1
0.84141	1	4	1	1	1	1
0.09129	4	4	0	5	4	4
0.82633	1	5	1	5	2	3
0.70284	5	1	.	5	5	5
0.75508	4	4	4	4	4	4
1.90605	1	.	4	4	1	4
1.03611	2	5	.	5	1	2
0.91076	2	2	2	2	2	2
0.86817	2	5	3	5	5	3
0.29045	4	4	1	4	1	4
0.80444	1	5	1	5	5	5
0.97872	0	0	0	0	0	0
0.24375	4	5	2	4	3	4
0.76913	1	5	1	5	1	1
0.09737	0	5	0	5	0	5
0.95196	4	4	1	1	1	4
0.99453	2	5	0	5	1	1
0.24375	3	4	4	4	1	4
0.67648	3	4	2	4	2	3
0.79211	5	5	1	5	1	5
0.41461	2	5	5	5	1	5
0.58377	5	4	3	2	4	4
0.99233	4	5	1	5	1	1
1.32491	4	5	4	5	4	3
0.85357	5	5	5	5	1	3
0.66782	5	5	0	4	1	1
1.33169	4	4	3	5	3	3
0.79096	4	4	4	4	4	4
1.16016	5	5	5	5	5	5
0.93254	3	4	1	1	1	1
0.94824	3	5	4	5	3	3
0.58876	2	5	1	5	1	5
1.40087	4	4	4	4	1	4
0.89017	3	4	4	4	2	3
0.41521	1	4	1	4	1	1
0.70604	3	3	3	3	1	3
0.77031	1	2	1	4	1	1
0.7789	1	4	1	4	1	1
1.13903	1	2	1	2	1	2
0.64186	5	5	1	5	3	2
0.85845	4	5	0	4	0	2
0.50863	5	5	4	5	3	5
0.45767	1	4	1	1	1	1
1.17989	1	4	4	4	4	4
0.88443	3	3	3	3	2	2
0.88013	5	0	1	4	5	0
1.08771	2	4	1	4	1	2
0.98469	5	5	5	5	4	2
0.89838	1	1	1	1	1	1
1.03946	4	4	4	4	1	4
0.43082	4	4	4	4	4	4
1.30362	4	4	4	4	4	4
0.58393	1	5	1	.	1	5
0.72705	1	4	1	1	1	1
0.68881	3	4	1	2	1	1
0.61517	0	5	0	5	2	1
0.58557	2	5	2	4	2	5
0.63431	3	5	1	3	2	1
0.26477	5	5	5	5	1	5
0.7432	3	4	3	4	3	4
0.61852	5	5	5	5	4	4
1.28371	4	5	4	5	4	5
0.94794	1	3	1	4	2	1
0.41521	4	5	1	5	2	3
0.7445	2	5	3	5	2	5
0.57885	5	5	1	5	5	1
0.54297	3	3	3	3	3	3
0.79881	4	4	3	4	1	1
0.89616	2	5	1	5	1	1
0.81169	2	2	1	2	3	1
1.06518	3	4	0	0	5	5
0.89838	5	5	1	5	1	5
0.29154	3	4	3	4	2	2
1.02472	5	5	1	5	1	5
0.762	2	4	1	4	1	3
0.7445	5	5	5	5	3	4
0.79881	3	4	1	4	1	4
0.96544	2	5	2	2	2	2
0.67103	3	5	2	5	2	2
1.24017	5	5	4	5	1	1
0.61688	1	1	1	1	1	1
0.67995	4	4	1	4	1	4
1.13882	2	3	1	1	1	1
0.94843	1	2	1	3	1	1
0.63356	4	4	4	4	4	4
0.44193	3	3	3	3	3	3
0.70248	0	.	2	5	0	2
0.74364	1	5	1	5	0	1
0.63356	1	5	1	5	1	1
0.41461	5	4	1	4	1	4
0.79857	5	5	0	5	0	5
0.70248	4	5	3	5	3	1
0.90869	1	1	1	1	1	1
1.14354	5	5	5	5	1	5
0.77558	4	4	1	5	1	5
0.89078	5	5	5	5	5	5
0.81511	3	5	3	5	1	1
0.88443	5	2	1	5	4	4
0.61815	2	4	1	1	1	3
0.58218	5	4	4	4	4	4
0.63356	1	5	1	5	1	1
1.15285	0	5	0	5	0	5
0.83733	3	4	1	5	1	1
0.71616	5	5	0	5	0	1
0.48286	5	5	5	5	5	1
0.83572	4	4	4	4	4	4
0.83572	0	0	0	0	3	3
0.64946	5	5	5	5	5	5
0.50027	5	5	1	5	2	5
0.68881	5	0	0	5	0	0
0.68881	2	5	1	5	5	5
1.16016	1	5	1	5	1	1
0.71616	5	5	4	5	1	5
1.05367	5	5	1	5	1	1
0.89308	1	1	1	1	1	1
0.93722	3	5	1	4	1	4
0.94112	2	2	2	.	2	2
0.70411	2	4	4	2	2	4
0.96021	3	5	4	5	3	3
0.95617	2	5	2	2	1	1
0.64467	2	5	2	5	1	5
0.6448	3	3	1	3	1	4
0.87794	1	5	3	5	3	2
0.618	5	5	1	5	1	1
0.74307	1	5	3	4	1	1
0.72373	1	1	1	1	1	1
0.75642	4	5	5	5	1	5
0.76467	4	5	3	5	1	3
0.69779	3	5	5	5	3	4
0.92761	5	5	5	5	1	5
0.53	4	5	1	5	1	3
0.97246	4	4	2	4	4	1
1.00015	4	5	3	5	3	1
0.53728	2	3	2	1	3	2
0.65945	5	5	1	4	3	3
0.55088	4	5	3	3	1	5
0.9843	2	5	5	5	4	1
0.81866	5	5	3	4	4	4
0.95513	2	5	4	5	1	1
0.77051	2	4	2	4	2	2
0.75049	4	5	4	4	3	3
0.74339	5	5	5	4	3	3
0.46367	1	5	5	5	1	1
0.33498	2	2	3	2	2	3
0.71344	1	5	4	1	1	1
0.59559	5	5	5	5	4	5
0.60818	4	5	2	5	0	0
0.54058	3	5	5	5	4	1
0.59843	5	5	5	5	1	1
0.87789	3	3	3	3	3	3
0.77157	3	5	4	4	4	4
0.86653	2	4	3	3	3	1
0.62144	3	5	5	5	1	1
0.44412	3	3	3	4	3	3
0.81282	3	5	3	3	1	1
0.83504	4	4	1	4	1	1
0.85679	5	5	3	5	1	4
0.59837	1	2	3	2	1	1
0.88541	5	5	3	3	1	5
0.9068	3	4	4	3	3	1
1.04531	2	5	5	5	2	2
0.64409	5	5	2	5	3	3
0.91234	5	5	3	5	1	5
0.96682	3	5	3	4	2	1
0.94548	1	5	1	5	1	5
0.79802	5	5	1	1	1	1
0.81282	5	5	1	5	1	1
0.70332	1	2	3	4	5	0
0.89891	2	5	3	5	2	1
1.42688	5	5	1	5	1	5
0.62058	1	5	5	5	4	1
0.59559	2	5	0	5	1	4
0.80516	4	4	2	3	3	3
0.5373	3	5	1	1	1	1
0.60923	4	4	4	4	1	1
0.76371	4	5	5	5	1	4
0.6832	1	5	5	5	1	5
1.29448	2	5	3	4	2	2
0.87252	5	5	4	5	3	4
0.33498	4	5	1	5	3	5
1.1335	5	5	0	5	1	5
0.5787	3	5	5	5	1	1
0.91234	4	5	0	5	1	4
0.63306	4	3	1	3	1	4
1.1215	4	5	3	5	1	1
0.77889	2	5	5	4	1	3
0.7664	4	5	1	4	3	1
1.29448	3	5	5	5	5	1
0.80282	4	5	2	4	1	1
0.7664	4	5	2	5	2	2
0.89799	3	.	4	5	2	5
0.6231	4	5	3	5	4	3
0.90882	1	5	5	5	1	2
0.81468	4	5	5	5	0	0
0.89264	1	5	1	5	1	5
1.0384	5	5	5	5	2	2
0.88756	4	5	3	5	5	5
1.08697	3	5	1	3	1	4
0.56324	4	5	2	4	1	4
1.01847	5	5	1	5	1	5
0.90441	2	2	2	2	2	2
0.98744	5	5	5	5	1	5
0.78316	4	4	4	4	4	4
0.82671	5	5	1	5	1	2
0.86325	1	2	3	4	3	2
0.88004	4	5	3	5	1	2
0.80082	5	5	5	5	3	4
0.76809	5	5	3	5	1	1
1.16448	1	1	1	1	1	1
0.81266	5	5	1	1	1	1
0.78645	4	5	5	5	5	1
0.74339	3	5	1	3	1	1
1.12576	5	5	3	5	2	2
0.82419	5	5	5	5	3	3
0.52118	3	3	3	2	3	3
1.1215	1	5	5	5	1	4
0.67968	5	5	3	5	3	3
0.5106	5	5	5	1	3	4
0.7182	2	2	2	2	2	1
0.71819	5	5	5	5	0	5
0.6538	4	3	4	3	2	3
0.6126	1	1	1	1	1	1
0.60616	4	0	3	3	3	3
0.52718	4	4	4	4	4	4
0.60947	0	0	0	0	0	5
0.66526	4	4	4	4	4	1
0.78161	0	0	0	0	0	0
0.72309	2	5	.	3	5	2
0.64714	2	2	2	3	3	3
0.75789	4	.	3	4	3	3
0.56931	4	4	3	3	3	3
0.93477	2	2	2	2	2	2
0.64099	1	1	4	.	.	.
0.53603	2	4	.	4	1	1
0.59097	0	5	1	5	2	5
0.71881	4	4	4	4	4	4
0.66245	5	5	1	5	5	5
1.84789	4	.	.	.	.	.
0.85181	.	.	.	3	.	.
0.62886	4	4	4	4	4	4
0.96648	1	2	2	2	2	2
0.54518	1	3	.	2	3	2
0.62672	1	.	3	.	4	5
0.59823	3	.	1	3	1	1
0.72309	3	.	.	.	.	.
0.62305	1	.	1	4	4	4
0.35128	.	.	.	.	3	3
0.58625	0	0	0	0	0	0
0.89959	1	2	1	2	1	2
0.58164	3	4	1	4	1	1
0.58625	0	.	0	0	0	.
0.74588	1	1	1	1	1	1
1.07545	3	3	2	3	2	3
0.77077	2	4	3	2	4	3
0.17507	3	1	1	1	1	1
0.69369	5	1	3	4	0	3
0.63677	5	0	0	0	0	0
0.51965	.	1	.	.	3	.
0.29611	2	2	2	2	2	2
0.51945	1	5	1	5	4	5
0.6052	4	4	5	4	5	4
0.72309	1	1	1	1	1	1
0.78526	1	1	1	1	1	1
1.47247	0	4	0	0	0	0
0.6538	5	5	4	5	1	4
0.75924	3	4	4	3	4	4
0.6111	.	4	4	2	5	5
0.77413	2	2	2	2	2	2
0.6538	1	.	.	.	.	.
0.75322	5	5	5	4	5	5
0.5897	4	4	4	4	4	4
0.67363	5	5	5	5	0	1
0.64888	2	2	2	2	2	2
0.75899	4	5	4	5	5	5
0.88777	3	0	0	0	0	0
0.7018	1	5	1	5	5	5
0.62886	3	3	3	3	3	3
0.63954	4	4	4	4	4	4
0.76793	0	5	4	3	2	1
0.59823	5	.	.	1	5	3
1.18271	1	0	1	1	1	1
0.63928	2	.	2	.	3	3
0.7713	4	2	3	4	4	3
0.77253	5	5	0	5	2	5
0.85442	3	3	3	3	4	4
0.698	5	4	4	0	0	0
0.62114	2	2	2	3	1	2
0.92779	5	5	5	5	5	5
0.78094	2	5	1	5	1	1
0.66316	2	5	2	2	2	2
0.50508	4	4	4	4	4	4
0.70367	2	3	.	.	3	3
0.74992	3	3	3	3	3	3
0.6805	0	5	5	0	5	0
0.698	2	4	4	4	4	4
0.60521	1	3	1	2	1	1
0.51022	1	0	1	5	1	1
0.65731	4	5	3	1	4	3
0.51945	2	2	1	4	2	2
0.62114	4	5	3	3	3	3
0.9335	2	2	2	2	3	3
0.56373	2	3	3	4	4	3
0.65784	1	4	2	.	3	2
0.58625	4	4	3	.	4	5
0.75326	5	.	1	1	1	1
0.62305	1	2	2	2	2	2
0.63928	2	2	2	2	2	2
0.48735	3	4	3	4	3	3
0.54615	2	5	3	1	1	3
0.48039	4	4	4	4	1	4
0.57859	5	5	.	5	.	.
0.69352	1	4	1	4	4	1
0.64146	5	5	5	4	1	1
0.5235	4	4	0	4	3	2
0.69352	5	5	5	5	5	5
0.60637	4	4	4	4	4	1
0.78371	5	0	0	0	0	0
0.62886	1	4	1	4	1	1
0.25576	5	5	1	5	5	2
0.03496	4	4	1	4	1	3
0.10819	4	5	5	5	1	3
0.11167	5	5	5	5	5	5
0.35572	5	5	0	5	2	4
0.1209	5	5	1	5	4	5
0.1248	5	5	5	5	3	3
0.13972	5	3	3	4	3	5
0.11121	4	5	4	5	4	1
0.03099	5	0	5	5	1	5
0.09085	1	1	1	1	1	1
0.03761	4	4	1	4	1	4
0.05741	1	5	5	5	5	5
0.43114	4	5	5	5	1	1
0.34975	0	0	1	0	1	0
0.09499	5	5	3	5	4	1
0.05019	4	4	1	4	2	3
0.06273	5	5	3	5	1	1
0.04307	5	0	5	0	5	0
0.03132	3	3	2	2	3	3
0.03169	5	5	1	5	5	5
0.03383	5	5	1	5	1	5
0.44134	3	3	1	3	2	1
0.04032	5	5	5	5	5	3
0.04619	5	5	5	5	1	5
0.34143	2	5	1	5	1	5
0.0463	5	5	3	3	5	3
0.29371	4	5	4	5	2	3
0.53537	4	1	1	4	1	1
0.05295	1	5	4	5	1	1
0.05177	4	4	4	4	4	0
0.04657	3	5	2	4	4	2
0.03615	2	5	5	5	1	1
0.49267	4	5	1	5	4	1
0.12488	2	3	1	3	1	5
0.11276	4	4	1	4	1	1
0.01789	4	4	5	4	5	4
0.03724	5	5	3	5	1	2
0.13817	5	5	1	3	1	5
0.12931	2	3	1	5	2	1
0.08628	2	5	4	5	1	1
0.01191	5	5	5	5	5	5
0.75387	5	5	4	5	4	4
0.3026	5	5	5	5	5	5
0.06425	4	5	5	5	5	5
0.05104	1	5	5	5	5	5
0.09254	4	5	1	4	3	3
0.1141	4	5	3	5	1	5
0.04107	4	5	4	5	3	1
0.14709	5	5	1	5	1	3
0.30972	4	5	2	5	4	3
0.50104	5	5	4	5	3	3
0.27596	4	4	4	4	4	4
0.49861	3	3	1	5	3	3
0.01197	3	3	3	3	3	2
0.11716	5	5	1	5	1	5
0.54682	4	1	1	4	4	2
0.09273	2	2	1	1	1	1
0.09191	2	5	1	5	3	3
0.04881	4	5	1	5	3	4
0.08415	1	3	1	5	1	1
0.55269	3	5	1	4	1	4
0.1188	1	1	1	1	1	1
0.28779	0	.	.	.	.	.
0.08851	4	3	4	4	3	4
0.09892	4	5	3	4	1	1
0.34021	5	5	2	5	2	5
0.05433	3	3	2	3	4	3
0.04491	4	5	3	4	1	2
0.44814	4	4	4	4	4	2
0.03496	5	4	2	5	3	4
0.07105	3	5	1	5	1	3
0.01291	4	5	5	.	2	1
0.04521	5	5	2	5	2	5
0.12331	4	2	3	4	2	4
0.03055	3	5	5	3	3	3
0.06231	1	5	5	5	4	5
0.11716	3	2	1	3	1	1
0.11514	5	4	2	5	4	3
0.13751	4	5	1	5	2	3
0.04319	5	5	1	4	1	4
0.46457	5	5	5	5	5	5
0.04438	4	4	1	5	1	1
0.27186	4	4	2	3	4	2
0.09908	4	4	1	4	2	1
0.03416	4	5	4	5	2	3
0.51545	5	5	1	5	1	1
0.16377	4	5	5	5	3	2
0.51206	2	5	4	2	2	3
0.10805	4	4	1	4	1	1
0.02754	5	5	5	5	2	1
0.43114	2	5	1	5	1	3
0.0874	3	1	5	5	1	4
0.02845	0	0	0	0	0	0
0.41852	3	5	1	4	5	4
0.05404	4	5	5	5	5	1
0.16179	4	4	5	4	4	3
0.11178	2	5	1	4	1	2
0.05174	4	5	1	5	2	2
0.06383	.	4	3	2	3	3
0.78476	4	4	4	4	4	4
0.70178	5	5	5	5	5	5
0.83701	4	5	1	5	1	3
0.75167	4	4	1	4	1	3
0.55558	3	4	1	4	1	1
1.65796	3	5	1	3	3	1
0.6845	4	4	4	4	4	4
0.71787	5	5	1	5	5	5
0.65701	3	5	1	1	3	1
0.71561	4	4	0	4	0	4
0.70255	5	5	1	5	2	5
0.54135	3	3	1	3	2	1
0.60431	5	5	1	5	1	5
1.13318	3	3	1	3	2	3
0.86956	5	5	1	5	1	5
1.54118	2	5	1	2	1	1
0.70178	5	5	1	5	3	2
0.60794	1	4	1	4	3	3
1.62835	4	4	2	4	2	1
0.61055	5	5	2	5	2	5
0.57278	2	4	1	4	1	4
0.6478	5	5	1	5	2	5
0.78447	3	4	1	4	1	1
0.65656	3	3	3	3	3	3
0.54137	3	5	2	5	1	2
0.83581	4	4	4	4	5	5
0.60153	4	5	2	4	1	3
0.66755	4	5	1	4	1	2
0.78476	4	4	4	4	4	4
1.12737	3	4	4	.	4	3
1.76296	4	4	3	4	2	2
0.71222	2	3	1	3	2	2
0.54201	3	5	2	5	3	1
0.71561	5	5	1	5	1	5
0.56496	0	0	0	0	0	0
0.68902	5	5	5	5	5	5
0.56142	1	4	1	1	1	1
0.62255	4	3	4	3	4	4
1.02044	1	5	4	5	4	5
0.5548	4	4	4	4	4	4
0.85332	3	3	1	3	3	1
0.61321	2	2	2	2	2	2
0.55823	4	4	4	4	1	4
0.71332	4	4	1	3	1	4
0.91964	4	4	4	4	4	4
0.96847	2	2	2	2	2	3
0.5721	4	5	1	4	1	2
0.57278	4	4	1	4	1	4
0.56142	4	4	4	4	4	4
0.81379	2	4	1	4	2	1
0.91964	5	5	5	5	4	5
0.57296	2	4	2	3	3	4
0.51062	4	5	1	1	1	1
1.76296	5	5	5	5	3	3
0.83581	5	5	3	3	3	3
0.71787	4	5	1	5	5	3
1.97721	3	5	1	3	1	2
0.70232	3	5	1	3	3	1
0.86463	4	5	1	4	1	4
0.57278	4	4	1	4	3	4
0.64847	4	5	5	5	1	3
1.74516	5	1	1	.	1	1
0.53917	5	5	1	5	4	3
0.65907	4	4	4	3	3	4
0.76541	4	5	1	4	2	4
1.57901	5	5	2	4	2	2
0.57278	4	4	1	4	1	1
1.09535	3	4	3	4	3	3
0.9527	3	4	1	4	3	4
0.72728	2	4	1	1	1	1
0.74691	5	5	3	4	1	5
0.72728	3	5	1	4	3	3
0.71561	4	4	3	.	4	3
0.62381	4	5	1	4	2	4
0.56029	3	0	1	1	1	1
0.63979	1	5	5	5	5	5
0.70081	2	5	1	1	1	4
0.54135	5	5	5	5	5	5
1.88266	4	4	1	4	4	4
0.62543	5	5	1	5	1	5
0.54137	4	4	1	4	1	1
0.80116	5	5	1	5	5	5
0.61406	4	4	4	4	4	4
0.62381	4	4	4	4	4	4
0.58383	5	5	1	5	1	2
0.52634	5	5	4	5	2	3
1.02044	2	4	4	4	4	4
0.61708	4	4	4	4	3	1
0.77201	3	4	2	2	2	1
0.596	4	5	1	4	1	4
0.68622	4	2	2	3	3	2
0.54708	3	3	3	3	3	3
0.71935	4	4	1	4	2	2
0.71812	3	5	1	5	2	3
1.37069	4	1	1	4	1	1
0.52634	5	5	5	5	2	3
0.63613	4	5	1	5	3	1
0.97373	4	4	4	4	3	3
0.65792	3	5	3	3	3	3
0.59571	5	5	5	5	5	5
0.6646	4	4	4	4	4	4
0.81131	4	4	2	5	3	4
0.44574	5	5	5	5	2	4
1.06114	5	5	2	5	2	2
0.27626	5	5	0	5	1	5
0.77288	2	5	1	4	1	1
0.9868	3	1	1	2	2	1
0.50377	5	5	1	5	1	5
0.64853	4	4	4	4	4	4
0.1433	4	4	4	4	2	4
0.60922	3	5	2	2	2	2
0.14311	5	5	5	5	5	5
0.39909	3	5	3	5	1	2
0.36878	4	4	4	4	4	4
0.36463	5	5	1	5	1	3
0.90313	3	3	3	2	1	3
0.57225	4	4	4	4	4	4
0.44457	3	.	5	4	2	3
0.23911	2	5	1	4	1	2
0.79335	3	5	1	1	1	2
0.72102	4	4	3	5	4	4
0.36878	5	5	5	5	5	5
0.24813	4	4	3	3	3	3
0.23328	2	3	2	3	2	3
0.70688	4	4	1	5	1	5
0.08481	1	4	1	3	.	3
0.17593	3	5	3	3	3	3
0.21556	5	5	0	5	2	4
0.20321	3	5	1	3	1	1
1.19269	4	4	4	4	4	4
0.1144	5	5	5	5	5	5
0.1154	1	2	2	1	1	1
0.7263	3	3	3	3	3	3
0.36463	3	3	3	3	3	3
1.00864	5	5	5	5	5	5
0.23626	0	5	0	5	0	0
0.74514	4	5	3	4	1	3
0.14076	1	1	0	1	0	1
0.81438	5	5	2	5	1	1
0.34832	2	5	1	2	1	1
0.7426	3	3	.	3	3	3
0.26876	4	4	2	5	1	2
0.68955	4	4	1	4	1	1
0.10512	4	5	3	5	5	1
0.72768	3	5	3	5	1	1
0.78364	3	5	2	5	1	2
0.72624	5	5	1	5	1	5
0.10601	4	5	.	4	5	1
0.72805	3	5	1	4	1	1
0.86348	4	5	0	5	1	4
0.12791	4	4	2	4	1	4
0.13618	5	5	1	5	1	4
0.51595	4	4	4	4	4	4
0.17128	4	4	1	1	1	1
0.85163	2	5	1	3	2	2
0.29458	5	1	5	5	0	3
0.86685	5	5	1	5	2	2
0.34064	3	5	1	5	2	2
0.67508	4	5	2	3	1	1
0.2559	3	.	4	4	3	3
0.8157	3	5	2	4	1	3
0.15755	3	5	1	5	1	1
0.78246	3	5	1	4	1	2
0.69751	5	5	5	5	5	5
0.67841	5	5	1	5	1	5
0.23626	4	5	3	5	1	2
0.39909	5	5	2	5	1	5
0.72658	4	4	4	4	4	4
0.81438	5	5	2	5	4	5
0.3922	3	4	2	4	2	2
0.2929	2	5	2	5	2	1
0.8649	5	5	5	5	5	5
0.8649	2	.	5	5	1	2
0.51127	3	3	3	3	1	1
0.86348	4	4	4	4	5	4
0.78487	3	5	3	4	0	4
0.78958	2	5	1	2	1	2
0.7375	3	5	3	5	5	5
0.71226	5	5	1	5	1	2
0.33674	3	5	1	1	1	2
0.72522	3	3	3	3	3	3
0.47079	2	5	2	4	1	4
0.50377	1	5	5	5	1	4
0.18218	3	5	1	3	1	2
0.77581	3	5	0	5	1	1
0.7172	3	5	2	3	5	3
0.17128	4	5	0	5	0	0
0.43293	5	4	1	5	1	5
0.45281	3	3	1	3	1	1
0.41003	5	5	5	5	5	5
0.88323	2	5	1	1	1	2
0.36878	0	0	0	0	1	0
0.77047	4	4	1	4	1	1
0.36464	4	5	0	5	0	2
0.22075	3	3	3	3	3	3
0.39244	3	5	3	5	1	5
0.807	5	5	5	5	5	5
0.43293	1	5	1	5	1	1
0.2603	3	5	1	5	1	1
0.77047	4	5	0	5	4	4
0.0698	3	4	3	4	4	3
0.13141	2	5	2	5	3	3
0.06878	3	3	3	3	3	4
1.00349	5	5	1	5	5	5
0.11069	1	4	3	5	1	1
0.06629	5	5	1	5	1	5
0.12866	2	4	2	4	1	4
0.56136	4	4	4	4	4	3
0.06952	2	1	1	2	1	1
0.10286	3	1	1	3	1	5
0.12083	5	4	4	4	3	3
0.71852	4	4	1	4	3	5
0.73319	2	5	5	5	5	2
0.11593	5	5	5	5	5	5
0.7073	4	4	1	4	3	0
0.05679	4	4	1	4	3	1
0.10637	3	5	2	4	3	4
0.07464	4	5	1	5	3	2
0.47456	5	5	5	5	1	1
0.06475	1	3	1	1	1	1
0.04837	3	5	2	1	3	1
0.11653	1	5	5	5	5	5
0.13445	3	4	1	3	1	1
0.09669	4	4	4	.	4	4
0.58189	3	5	1	5	3	4
0.08304	5	5	1	5	2	5
0.10286	5	5	3	5	2	3
0.93353	5	5	1	5	4	3
0.09964	4	5	4	4	4	3
0.07854	1	1	1	1	1	5
0.03784	4	5	3	5	2	4
0.5814	3	5	1	5	1	4
0.1329	4	4	1	4	1	1
1.87907	4	4	4	4	4	4
0.56136	4	4	4	3	3	2
1.08039	5	5	5	5	3	3
0.12213	3	5	2	3	4	5
0.74624	3	4	1	4	1	5
0.05362	5	5	1	5	1	5
0.04611	5	5	5	1	1	1
0.09378	4	4	4	4	4	4
0.7053	2	5	1	4	2	3
0.10391	3	4	4	.	.	.
0.1148	1	5	1	4	3	1
0.09691	4	4	1	4	4	4
0.25399	5	5	2	5	2	3
0.99669	4	4	1	4	1	3
0.13149	5	5	5	5	4	1
0.12101	3	3	0	3	3	0
0.82295	3	5	3	5	4	3
1.15424	4	4	2	4	2	2
0.33246	5	5	1	5	2	1
0.85058	5	5	5	5	5	5
0.08057	5	5	3	5	2	5
0.09195	2	4	1	2	2	1
0.92769	4	4	4	4	4	4
0.05679	5	5	5	5	4	5
0.07564	2	4	2	4	1	3
0.1551	2	4	3	4	2	2
1.04648	4	5	3	5	3	5
1.75505	0	5	0	5	3	5
1.0549	3	3	1	1	3	1
0.13752	2	5	1	5	1	2
0.07746	2	4	3	4	2	2
0.94206	1	5	1	5	1	5
0.1148	3	2	2	2	1	1
0.04196	4	5	2	5	5	5
0.11098	5	3	3	4	4	5
0.05966	4	5	5	5	3	5
0.07637	4	5	2	5	2	3
0.04692	5	5	1	5	2	4
0.0736	5	5	5	5	3	5
0.92001	5	5	5	5	5	5
0.5233	4	5	1	4	4	3
0.12455	0	0	5	5	5	0
0.11005	1	4	1	1	2	1
0.1331	3	3	1	2	1	4
0.81752	3	3	1	4	1	1
0.11678	4	5	1	5	2	2
0.06629	2	2	2	2	2	2
0.77903	4	5	4	5	4	5
0.73016	2	2	2	2	2	2
0.06113	5	5	1	5	1	5
0.57354	1	5	2	3	1	1
0.08343	5	5	1	5	1	3
0.12196	5	5	1	5	1	5
0.1589	5	4	4	5	4	4
0.64454	5	5	5	5	5	3
0.61367	4	4	1	4	1	4
0.09837	5	4	1	4	1	4
0.12015	3	5	2	5	3	2
0.05777	4	5	1	5	2	1
0.71594	4	4	1	4	1	3
0.66074	2	3	1	3	3	1
1.3362	3	5	1	.	5	4
0.0698	4	5	4	4	3	3
0.11069	1	1	2	4	5	0
0.05617	3	3	1	3	3	1
0.86423	5	5	1	1	1	1
0.11768	4	5	1	5	3	5
0.48909	1	4	1	4	4	4
0.57061	2	4	4	4	4	4
0.57061	1	3	1	3	1	3
0.57061	.	2	.	.	.	.
0.73742	4	5	1	5	2	4
0.61884	5	4	2	4	4	2
0.67341	0	0	0	0	0	0
0.69378	3	5	2	5	1	1
0.71506	1	.	.	.	.	.
0.71506	3	3	3	3	3	3
0.68702	3	3	3	3	3	3
0.51513	1	2	3	4	5	0
0.71506	1	5	5	5	5	2
0.62188	1	3	3	4	4	4
0.71506	4	4	1	4	4	3
0.71506	4	4	1	4	4	4
0.64106	4	4	1	5	5	5
1.14121	1	0	1	0	1	1
1.21254	4	4	4	1	4	3
0.74169	4	4	4	4	4	4
0.57061	5	5	5	1	1	1
0.66921	2	5	5	5	1	1
0.79894	2	3	3	3	3	3
0.67509	4	4	4	4	4	4
1.14121	4	4	1	5	4	3
0.75579	4	4	4	4	4	4
0.78922	4	4	3	1	0	2
0.74265	1	.	.	5	4	4
0.74155	4	3	4	4	5	0
0.71506	1	4	1	1	1	1
0.64771	5	5	5	5	5	5
0.7607	1	4	4	1	1	4
0.74265	4	4	4	4	4	4
0.74824	1	4	1	5	4	4
1.14121	1	2	1	2	1	1
0.57061	2	4	3	4	4	3
0.60338	0	0	1	1	1	1
1.49513	4	4	4	4	4	4
0.63763	4	4	2	5	1	1
0.71506	5	5	5	5	4	4
0.74478	5	5	5	5	5	5
0.75327	3	5	.	.	5	2
0.68858	5	5	5	5	5	5
0.69272	1	4	1	4	1	1
0.57061	5	0	0	3	0	0
0.72077	1	5	1	1	1	1
0.69378	3	3	3	3	3	3
0.73412	5	5	5	5	5	5
1.2173	4	5	5	5	5	5
0.71506	1	2	3	4	5	0
0.52369	4	4	4	4	4	4
0.60417	.	3	.	.	.	.
0.71506	5	5	4	5	5	5
0.57061	5	5	4	5	4	5
1.14121	3	3	3	3	3	3
0.73412	5	5	5	5	5	5
0.68952	5	5	5	5	5	5
0.69868	4	4	4	4	4	4
1.14121	3	3	1	4	1	1
0.7204	5	5	5	5	5	5
0.80301	2	1	1	0	1	1
0.63879	1	4	1	4	1	1
0.51082	2	2	2	2	2	3
0.57061	3	4	1	4	2	3
0.57061	1	5	1	4	5	5
0.61884	3	3	3	3	3	3
0.59914	3	3	0	3	3	0
1.14121	2	4	2	5	4	4
0.44599	4	4	4	4	4	4
0.49486	4	4	4	4	4	4
1.14121	2	3	3	3	3	3
1.353	3	3	4	3	4	3
0.73412	1	5	1	4	2	5
0.69862	3	5	3	5	1	3
0.60338	1	4	1	1	1	1
0.77445	3	3	1	3	1	1
0.60338	4	4	4	4	4	5
0.77287	3	5	1	5	1	2
0.57061	3	3	3	3	3	3
0.62188	1	4	1	4	1	1
0.6476	1	5	1	2	2	2
0.71506	5	5	5	5	5	5
0.73412	4	4	4	4	4	4
0.67478	3	2	4	4	3	3
0.69868	4	4	4	4	4	4
0.6476	0	4	4	5	3	2
0.57061	.	.	5	4	.	.
0.73412	4	4	4	4	5	4
0.71506	5	5	5	5	5	5
0.51195	.	0	2	.	2	5
0.62188	3	5	4	5	0	3
0.67341	2	2	2	2	2	2
0.69176	2	4	5	3	4	1
0.72435	1	1	1	1	1	1
0.72505	0	5	1	5	5	2
0.71506	5	2	2	4	1	4
0.60064	1	5	0	0	5	5
0.73412	.	4	.	.	.	.
0.59914	1	4	1	4	1	1
0.74391	.	3	5	4	2	4
0.6001	3	0	0	3	0	0
0.72801	5	5	1	5	1	5
0.90423	5	5	1	4	1	1
0.68251	3	5	2	3	1	1
0.70501	5	5	2	5	3	5
0.8646	1	1	1	1	1	1
0.70095	3	5	1	3	1	1
0.65489	4	4	4	4	2	4
0.71843	1	1	1	1	1	1
1.00808	3	4	1	4	4	4
0.66872	5	5	5	5	5	5
0.79284	2	5	3	3	2	5
0.96428	.	.	3	.	4	4
0.81091	5	5	1	5	1	1
0.79707	1	4	1	1	1	1
0.69689	1	5	1	4	1	2
0.79671	1	5	1	1	1	1
0.93276	5	1	5	5	3	3
0.78413	4	5	2	2	.	.
0.68251	2	5	1	5	2	1
0.68251	3	4	3	3	3	3
0.71042	2	5	1	3	1	1
0.749	5	5	5	5	3	3
0.43459	5	5	5	5	5	5
0.84639	5	5	5	5	5	5
0.68251	4	4	1	3	1	1
0.8444	3	4	0	0	2	0
0.85344	3	3	3	3	3	3
0.68768	4	4	4	3	3	3
0.66872	2	5	5	3	2	2
0.82458	3	5	4	5	2	1
0.793	2	3	3	3	4	5
0.80007	5	5	2	5	5	5
0.85837	1	5	2	.	1	2
0.60561	4	4	4	4	4	4
0.57827	3	3	3	3	3	3
0.69567	3	4	3	3	4	3
0.70393	1	4	2	2	1	4
2.0604	0	0	0	0	0	0
0.6868	4	4	4	4	4	4
0.76602	5	5	5	5	5	5
0.71284	2	5	1	4	2	3
0.6868	5	5	5	5	0	0
0.68037	5	5	2	5	1	3
0.96428	5	5	5	5	5	5
1.01821	5	5	5	5	5	5
0.6201	5	5	5	.	5	5
0.6868	4	5	5	4	5	5
0.71284	4	4	3	2	4	3
0.80291	4	4	4	4	4	4
0.87796	2	2	2	2	2	1
0.91682	5	5	1	5	1	1
0.94501	5	5	1	5	1	5
0.68913	5	5	5	5	5	5
0.68251	5	5	2	5	2	5
0.24818	1	4	1	4	1	1
0.43459	1	1	1	1	1	1
0.84639	4	5	4	4	4	4
0.77837	3	3	3	3	3	4
0.6868	4	4	4	4	4	4
0.72314	4	4	4	4	4	4
0.73638	5	5	1	5	3	1
0.69756	5	5	1	5	1	1
0.66772	5	5	5	5	5	5
0.99645	0	3	4	2	5	2
0.77141	3	5	1	5	1	1
0.8444	5	2	4	.	4	1
0.69829	4	4	4	4	4	4
0.6001	4	3	2	4	5	2
0.63597	4	4	4	4	4	4
0.76037	1	1	1	1	1	1
0.71814	3	4	4	5	5	5
0.79895	0	0	4	4	5	0
0.78459	2	4	0	2	2	2
0.60999	1	4	1	4	1	1
0.72453	2	3	2	3	2	1
0.67554	4	0	2	0	1	3
0.88726	5	5	5	5	1	5
0.79284	4	4	4	4	4	4
0.68163	4	4	4	5	3	5
0.70799	3	3	4	4	4	3
0.71284	5	5	0	5	5	5
0.7993	1	2	2	2	2	2
0.69234	2	4	2	5	1	1
0.67561	3	1	1	4	1	1
0.76782	5	5	5	5	5	5
0.87521	4	5	4	5	2	2
0.69019	.	4	3	4	3	3
0.80789	5	5	1	5	0	0
0.70404	3	4	4	4	1	1
0.78459	4	4	3	5	2	1
0.8444	4	4	4	4	4	.
0.83529	4	4	2	4	1	1
0.68251	4	4	1	4	4	3
0.81091	5	5	1	4	1	5
0.83911	3	1	3	3	3	3
0.75249	5	5	5	5	3	1
0.83005	4	.	.	.	.	.
0.38887	1	1	1	0	1	1
1.21412	4	4	4	4	2	1
0.60269	2	5	5	0	2	5
0.80627	5	5	5	5	5	5
0.85165	5	5	5	5	1	5
0.73297	1	5	5	1	1	4
0.69081	4	5	2	2	2	2
0.78333	5	5	5	5	1	5
1.54036	4	5	2	4	2	4
0.73942	5	5	5	5	5	5
1.23004	5	5	4	5	4	4
0.61934	5	5	5	5	2	5
0.8482	1	5	5	5	1	1
0.6054	2	4	4	1	1	1
1.06063	4	4	4	4	4	4
0.84601	3	4	4	4	4	4
0.72591	3	5	3	3	2	2
0.70548	4	4	4	4	2	3
0.64817	5	2	2	2	2	4
0.59744	4	3	1	3	1	3
0.5474	5	5	5	5	5	0
0.72098	3	5	3	5	2	4
1.10407	4	5	2	2	2	3
0.71608	5	5	5	1	1	1
1.03909	5	5	5	5	1	1
0.92888	3	4	3	4	4	3
0.62503	3	3	3	3	3	3
1.0885	2	3	5	5	1	3
1.0885	3	3	3	4	4	4
1.1045	0	0	0	0	0	0
0.87381	5	5	5	5	5	5
0.52598	5	5	3	3	2	5
0.75992	4	4	4	4	4	4
0.90666	4	4	4	4	4	3
1.16116	5	5	5	5	1	5
1.23449	5	5	5	5	3	5
0.64759	2	5	4	5	1	3
0.72043	4	5	4	5	1	1
0.71608	4	4	1	4	1	1
0.59985	1	5	5	3	1	5
0.61076	1	4	4	3	1	3
0.73297	3	3	3	3	3	3
1.01891	5	5	5	5	0	5
0.90832	4	5	5	5	2	4
1.43481	5	5	1	4	1	1
0.63077	4	4	4	4	2	4
0.93577	1	5	5	1	1	5
0.86489	2	5	2	2	1	2
1.26858	1	5	1	1	1	1
0.70548	4	4	4	4	1	4
0.72778	3	5	3	1	1	4
1.06577	5	5	2	5	5	5
0.71402	5	5	1	1	1	5
0.81024	4	4	1	4	2	4
0.91995	0	4	0	0	0	4
0.91777	3	3	3	3	3	3
0.70557	5	5	1	5	5	3
0.81867	2	2	2	2	2	2
0.85027	5	5	5	5	3	5
0.85218	4	4	4	4	3	4
0.52305	5	5	5	1	1	1
0.61864	3	5	5	4	3	3
1.27953	5	5	5	5	5	5
1.18185	4	4	0	0	0	4
0.87381	4	4	4	3	1	5
0.69508	4	4	1	1	1	4
0.63602	4	4	4	4	4	4
0.79812	2	5	5	5	5	5
1.2829	5	5	5	5	1	5
0.954	1	4	4	3	1	2
0.86776	1	5	4	1	1	5
0.8497	0	5	5	5	5	4
0.70457	4	4	4	4	4	3
0.62814	4	5	2	3	2	5
0.76921	5	5	5	5	5	5
1.08162	2	5	5	5	3	4
0.65691	1	5	5	5	4	4
0.60686	5	5	5	5	1	1
0.68819	2	5	5	5	5	5
0.57352	5	5	5	1	1	2
0.74444	2	5	4	4	1	1
1.01942	5	5	3	.	1	1
0.72787	5	5	5	5	2	1
0.68819	3	5	5	5	1	5
0.70788	5	5	3	5	1	3
0.59985	1	5	5	4	1	4
1.00826	5	5	5	5	1	3
1.30187	1	5	5	4	4	1
0.57585	5	5	5	5	2	5
0.81617	4	5	3	3	3	3
0.97425	1	5	4	5	3	3
0.82821	1	5	5	5	1	2
0.5474	5	5	5	5	5	5
1.00826	3	5	3	3	2	1
1.07204	4	4	4	4	4	4
1.49149	5	5	5	5	5	1
0.71797	0	4	3	4	.	4
0.73145	1	4	4	1	4	4
0.61864	4	4	4	1	1	4
0.90666	4	5	1	2	2	4
0.59343	4	4	4	4	2	2
0.78333	4	4	4	4	4	4
0.97305	4	4	1	4	1	1
0.69044	5	5	4	5	3	5
0.92696	5	5	3	5	3	3
0.516	2	3	1	1	1	1
0.78608	5	5	2	5	3	3
0.77822	3	4	1	4	2	2
0.70223	4	4	3	4	4	4
0.34615	4	5	3	5	5	5
0.81203	4	4	2	4	2	2
1.27478	5	5	1	4	2	1
0.37093	4	4	1	4	2	1
0.77197	2	2	2	2	2	2
0.63717	4	4	1	4	1	1
0.69587	5	5	1	5	4	1
0.93793	4	4	1	4	2	1
0.82359	4	5	1	3	3	3
1.09315	4	4	4	4	4	4
0.74409	2	4	1	4	1	1
0.74536	4	4	4	4	4	4
0.34615	5	5	1	5	1	4
0.63717	5	5	1	5	1	5
0.72767	3	3	3	3	3	3
1.03002	5	5	2	5	1	4
1.003	4	4	1	4	1	1
0.85173	5	5	4	3	3	3
0.64258	2	5	1	2	1	1
0.88034	2	5	1	1	1	1
0.76337	4	4	1	5	3	1
0.79796	2	2	2	2	2	2
0.83058	4	4	4	4	4	4
0.78422	5	5	1	5	1	5
0.85718	3	5	1	5	3	2
0.81672	3	3	3	3	3	3
0.81145	4	5	2	2	1	1
0.69578	4	4	1	4	2	1
0.88664	5	5	0	5	1	5
0.67679	4	4	2	2	2	2
0.9299	5	5	5	5	3	4
1.30682	5	5	5	5	5	5
0.75156	5	5	4	5	5	5
0.92732	4	5	4	5	3	3
0.34615	2	5	2	5	1	1
0.7417	3	3	3	3	3	3
0.72763	4	4	1	3	1	5
0.83058	5	5	1	5	1	5
0.70223	2	5	2	1	1	1
0.75904	5	5	1	5	1	5
0.98666	5	5	1	5	1	4
0.84173	4	4	1	4	1	4
0.57518	4	4	1	4	1	4
0.84565	4	4	4	4	4	4
0.34615	4	5	0	5	2	2
1.0632	4	5	1	5	5	5
0.89688	5	5	0	5	2	3
0.82581	5	5	3	5	3	5
0.86499	2	5	2	3	1	1
0.86129	5	5	1	5	2	3
0.76091	4	4	4	4	4	4
0.71169	3	5	1	5	4	3
0.74522	4	4	4	4	4	4
0.88225	2	5	1	5	1	4
0.69587	5	5	5	5	5	2
0.75156	4	4	1	4	4	1
1.04298	3	5	5	5	4	3
0.7138	3	5	0	5	5	4
0.73896	2	4	2	2	2	1
0.81334	5	5	1	5	1	1
0.81009	4	5	3	5	4	4
0.8722	4	0	2	0	1	1
0.90459	4	4	0	4	2	4
0.58053	4	5	2	5	2	2
0.80713	2	2	2	3	3	3
0.68827	4	5	1	4	4	5
1.0283	4	4	1	4	3	1
0.94782	1	1	1	1	1	1
0.98615	5	5	5	5	5	5
0.77443	0	0	0	0	0	0
0.68451	3	5	1	3	3	3
0.87481	3	3	3	3	3	3
0.63885	1	4	1	1	4	2
0.81334	4	4	2	3	3	3
0.8722	5	5	3	3	3	3
0.71617	4	4	4	4	4	4
1.03734	5	5	3	5	3	3
0.77443	5	5	1	5	5	5
0.79342	4	5	1	5	3	3
0.78252	4	3	5	.	.	5
0.8727	4	5	1	5	3	1
0.77522	5	5	5	5	2	1
0.66175	3	3	3	3	3	3
0.70424	3	2	3	2	2	2
0.63791	4	4	1	4	2	2
0.97295	4	5	1	5	1	1
0.83821	4	4	4	4	4	4
0.79796	4	4	4	4	4	4
0.90267	2	2	2	2	2	2
0.69491	1	4	4	4	4	4
0.90225	1	4	1	4	1	1
0.75901	4	4	4	4	4	4
0.79613	5	5	4	5	1	3
0.82924	3	5	1	4	1	.
0.7039	4	5	4	3	3	3
0.69939	5	5	4	5	1	5
0.71686	4	5	3	4	3	1
0.70755	2	4	4	4	3	4
0.82151	3	5	4	5	2	3
0.90779	4	5	3	5	2	2
0.681	5	5	1	5	4	5
0.9244	1	2	3	5	3	5
0.68586	4	4	2	3	1	1
1.40203	3	5	5	5	3	4
0.66828	5	5	5	5	5	5
0.72363	4	5	3	5	2	5
0.76933	5	5	1	5	1	5
0.62407	5	5	3	5	3	2
0.75903	2	5	4	5	3	1
0.45143	5	5	3	3	2	2
0.70556	2	4	.	3	4	3
0.71548	3	5	4	5	5	5
1.28629	2	5	1	5	1	1
0.73667	5	5	5	5	5	3
1.6186	3	4	0	0	4	0
0.74136	5	5	.	1	1	5
0.81235	5	5	2	5	1	1
0.76411	4	5	0	4	2	0
0.56632	5	5	1	5	4	5
1.72933	3	5	1	5	1	1
0.82261	0	5	0	5	0	3
0.73862	3	3	3	3	3	3
0.77246	3	5	0	5	1	2
0.71536	5	5	2	5	2	5
0.6477	3	4	3	4	4	3
0.79347	5	5	0	5	2	5
0.72397	4	5	1	5	4	4
0.73858	4	5	2	5	5	3
0.84687	2	3	1	5	3	3
0.68586	4	4	4	4	2	4
0.70102	5	5	0	5	2	4
0.68586	5	5	0	5	5	5
0.74858	3	3	0	1	1	1
0.71479	3	4	3	4	3	1
0.70267	3	4	2	5	1	1
0.74037	5	5	1	5	2	5
0.76554	3	5	1	5	0	0
1.42008	5	5	1	5	5	5
0.64014	5	5	0	5	1	5
0.77612	5	5	5	5	5	5
0.66046	2	5	0	5	1	3
0.81112	2	5	1	5	1	4
0.72002	5	1	2	5	3	5
0.68586	3	5	1	5	1	1
0.70267	2	4	1	4	1	3
0.71134	4	4	1	4	1	4
0.82854	5	5	1	5	1	3
1.5397	3	3	3	3	3	3
1.31366	3	5	1	5	1	5
0.79347	5	5	1	5	1	5
0.68586	3	4	1	4	1	1
0.45143	4	5	3	5	3	4
0.71486	3	5	3	3	4	4
0.68586	4	5	0	4	1	4
0.74229	5	5	2	5	3	4
0.68586	5	0	1	5	1	5
0.71338	2	5	4	5	3	2
0.72964	3	5	5	5	1	3
0.82924	1	1	1	1	1	1
0.73521	5	4	4	4	5	4
0.783	5	5	5	5	1	5
0.73457	4	5	4	5	3	4
0.72744	5	5	2	5	5	5
0.54036	4	4	4	4	4	4
0.96076	4	4	0	4	2	1
0.69126	1	5	2	5	3	2
0.78756	3	5	3	5	2	5
0.89359	5	5	1	5	3	5
1.3947	1	5	1	5	1	5
0.72538	3	4	2	4	3	3
0.72614	1	5	1	1	5	2
0.7121	5	5	1	5	5	5
0.70102	4	5	3	5	5	4
0.75227	4	4	4	4	4	4
0.75519	5	5	1	5	1	5
0.77612	5	5	1	4	1	5
0.70523	4	5	1	5	1	5
0.75653	3	5	2	5	3	3
0.71173	4	4	4	4	4	4
0.81048	3	5	0	5	2	2
0.71777	5	5	3	5	5	5
0.82854	4	4	3	3	5	5
0.79988	2	3	1	3	5	3
0.72538	4	5	1	5	1	3
0.73202	3	5	0	5	3	1
0.76411	4	5	3	4	1	1
0.73862	5	5	5	5	5	5
0.73862	3	5	1	3	1	3
0.70102	2	4	1	4	1	2
0.70897	4	4	4	4	4	4
0.72277	0	4	0	4	2	1
0.9244	2	3	3	5	5	5
0.72545	5	5	5	5	1	5
0.81997	4	5	3	4	3	1
1.0959	4	4	2	4	2	2
0.83819	3	3	1	5	1	5
0.77649	3	4	0	4	1	0
1.02088	5	4	4	5	4	4
1.16116	5	5	1	5	2	2
0.76382	3	5	1	5	1	4
0.79787	1	5	1	4	1	4
0.85013	2	5	1	2	1	1
0.70641	1	5	1	5	1	5
0.7408	2	5	2	5	1	2
0.94412	4	5	1	4	1	5
0.77054	1	4	4	4	2	2
0.6961	4	5	3	4	1	1
0.76666	2	5	5	5	2	5
0.87229	4	4	4	4	4	4
0.8715	3	3	3	3	3	3
0.80566	3	5	4	5	2	3
0.6961	5	5	5	5	3	1
0.85674	1	1	1	1	1	1
0.86706	4	5	1	5	1	4
0.80913	5	5	1	5	3	5
0.96085	3	5	1	5	1	1
0.90517	4	5	5	5	1	1
0.74694	1	5	4	4	1	3
0.89771	3	4	3	5	1	3
0.86653	4	4	1	4	2	1
0.80548	1	5	1	1	1	2
0.88284	3	5	1	3	2	1
0.77818	5	5	5	5	5	1
0.78596	4	4	3	4	1	1
0.77818	5	5	2	5	1	3
0.79468	1	5	1	5	1	1
0.78768	4	5	1	5	3	3
0.92076	4	3	4	4	4	4
0.76916	3	5	4	5	2	3
0.71896	3	4	1	4	1	4
0.93687	1	5	3	5	1	5
1.08422	2	5	3	5	2	3
0.92008	3	5	3	4	4	4
1.10256	3	3	3	3	3	3
0.84217	2	5	1	3	1	2
0.90716	1	4	4	4	3	4
1.23312	1	4	4	4	4	4
1.07021	4	5	1	5	3	1
0.90716	2	5	4	4	1	3
1.06253	1	5	1	5	1	4
1.08421	4	5	4	.	3	3
1.06352	4	5	4	5	2	1
0.70694	5	5	1	5	5	5
0.99504	5	5	5	5	3	5
1.12764	2	5	2	3	5	3
0.84526	4	5	1	4	1	3
0.86837	1	5	1	5	4	5
1.21685	4	5	5	4	4	2
0.90441	5	5	0	5	0	0
0.83143	4	5	5	5	3	3
0.80566	3	5	4	5	1	1
0.72264	2	5	1	5	5	5
0.83014	4	5	2	5	1	4
0.83602	5	5	1	5	5	5
1.12509	4	4	4	4	1	4
0.70233	5	5	4	4	0	5
1.26018	3	4	3	4	3	4
0.91964	2	5	3	3	2	2
0.70299	4	5	1	5	1	5
0.71012	5	5	1	5	5	4
0.79656	4	5	0	5	3	2
0.93354	2	5	2	5	1	1
0.85674	3	5	3	3	2	4
0.91964	3	5	3	5	1	1
0.88188	1	5	4	4	2	3
0.97787	2	2	1	2	1	2
0.90644	2	5	1	3	1	5
0.92905	5	5	1	1	1	1
0.99746	1	5	1	5	2	4
0.99082	5	5	1	5	1	1
1.07208	1	5	1	5	1	5
0.88568	4	4	0	4	1	0
1.18274	2	5	1	5	1	5
0.79787	4	4	1	4	2	2
0.77876	3	5	2	3	1	1
1.07379	5	5	3	5	1	4
1.30169	5	5	1	5	0	0
0.79244	1	5	5	5	1	3
0.77565	5	5	0	5	5	5
0.79244	1	3	1	1	1	1
0.96346	5	5	1	5	5	5
0.70541	3	5	2	3	1	3
0.82312	4	4	4	3	2	1
1.07392	1	5	1	1	1	1
0.7915	2	1	2	2	1	1
0.76633	1	2	3	4	5	0
0.98056	4	5	0	5	5	5
0.74552	4	4	4	4	4	2
0.86339	2	3	0	4	2	3
0.70253	1	3	1	3	1	4
1.10256	4	4	4	4	3	3
0.77205	1	5	5	5	3	2
0.87088	3	5	1	5	1	5
1.31987	4	4	4	4	2	2
1.14906	2	3	3	3	3	3
1.47825	3	3	3	3	3	3
1.47825	5	5	5	5	5	5
1.72359	5	2	5	5	1	5
1.31987	4	4	4	4	1	4
1.54108	1	4	1	1	4	1
1.37143	1	5	1	1	1	5
1.47383	3	.	.	.	.	.
1.55921	1	2	1	2	2	1
1.42442	5	5	5	5	0	0
1.4762	3	3	5	4	3	3
1.31987	5	5	5	5	1	4
1.58384	3	3	3	3	4	3
1.5806	5	5	3	5	2	2
1.48485	3	5	3	5	3	3
1.81935	4	5	0	5	.	.
1.51973	5	5	4	5	4	4
1.54108	1	5	4	5	4	2
1.30539	5	5	1	4	1	5
1.18788	5	5	1	5	1	3
1.66614	4	4	1	4	3	4
1.46985	4	5	4	4	1	5
1.55921	3	5	1	5	1	5
1.6254	4	5	3	4	1	3
1.44543	3	5	5	5	1	1
1.5806	4	5	2	.	1	4
1.28245	4	4	1	1	1	3
1.54108	2	5	4	4	4	3
1.27436	3	4	3	4	4	4
1.49588	4	5	2	5	2	1
1.36688	5	5	1	5	1	5
1.37698	3	4	4	4	1	3
1.37887	5	5	1	1	3	1
1.41069	4	4	1	1	1	1
1.32812	1	4	4	4	4	2
1.23738	3	3	3	2	1	5
1.5806	3	5	5	5	4	4
1.48485	3	2	3	2	3	3
1.5724	3	5	2	3	1	3
1.37143	4	4	4	4	4	4
1.58975	5	5	5	5	1	5
1.30539	5	5	0	5	0	5
1.30539	4	5	1	3	3	4
1.75983	3	5	5	5	3	1
1.27862	2	5	5	5	2	2
1.59907	4	3	3	4	3	4
1.46985	3	3	3	3	3	3
1.4762	4	5	1	4	2	5
1.354	0	0	0	0	0	0
1.37698	1	1	1	1	1	1
1.38586	2	5	2	5	2	2
1.32812	0	0	0	0	0	0
1.41069	5	5	3	3	1	4
1.37887	5	5	5	.	1	5
1.27862	2	5	2	4	3	5
1.30539	1	5	1	1	1	1
1.42442	5	5	1	5	1	1
1.28321	1	5	1	2	1	4
1.445	2	5	3	4	4	1
1.49878	0	5	0	3	1	4
1.54108	3	5	3	3	1	5
1.30539	4	4	1	4	4	1
1.36688	2	5	1	2	1	5
1.31987	5	5	.	5	.	5
1.5806	5	5	1	1	1	1
1.47736	5	5	1	5	5	5
1.67423	3	3	3	3	1	3
1.51146	5	5	5	5	5	5
1.44543	3	4	3	3	3	3
1.51973	5	5	5	5	5	5
1.34057	2	5	3	5	1	2
1.54108	3	5	5	5	1	3
1.43912	1	5	5	5	4	4
1.53989	4	5	3	4	2	1
1.49588	1	2	3	2	2	2
1.27862	1	4	5	4	1	1
1.4762	5	5	4	3	3	2
1.58975	3	3	3	3	3	3
1.86984	1	5	5	4	2	4
1.48485	3	5	1	5	1	5
1.6185	1	2	3	4	5	0
1.47383	4	4	4	4	4	4
1.31321	5	4	3	4	3	4
1.35824	5	5	5	5	5	5
1.46582	3	4	4	4	4	4
1.23287	5	5	2	5	1	5
1.47383	5	5	1	5	1	2
1.53989	5	5	5	5	1	5
1.19214	5	5	5	5	5	5
1.86984	2	3	3	4	4	5
1.86093	5	5	3	5	3	5
1.58384	2	4	1	3	1	1
1.47569	5	5	4	5	1	5
1.4762	3	5	2	5	2	3
1.76596	5	5	5	4	1	1
1.31987	2	2	2	2	2	2
1.36688	5	5	1	5	1	1
1.14906	3	4	3	3	3	.
1.40236	5	5	5	5	5	5
0.7957	5	4	2	4	1	2
0.64783	2	4	2	4	2	1
0.67515	3	5	0	3	1	1
0.69683	3	3	3	3	3	3
0.76459	2	4	.	2	4	0
0.68188	0	5	1	4	3	2
0.6209	5	5	0	5	5	5
0.67854	3	3	4	3	4	5
0.76905	2	3	1	1	1	1
0.84287	5	5	5	5	2	2
0.60097	4	5	1	5	2	5
0.67167	5	5	1	4	3	5
0.61158	3	5	0	5	1	3
0.66207	3	3	3	3	3	3
0.71985	3	5	5	3	5	1
0.76699	0	5	0	5	0	0
0.68196	3	3	1	3	2	4
0.74318	5	5	3	5	1	5
0.65514	3	4	3	3	1	1
0.66814	2	2	3	2	3	4
0.79114	3	4	3	4	4	3
0.85367	3	5	1	5	1	1
0.66337	3	4	1	4	3	2
0.61827	4	4	4	4	4	4
0.72062	5	5	1	5	1	1
1.43654	2	5	1	5	5	5
1.58132	.	4	.	.	.	.
0.69856	3	5	1	5	3	4
0.6964	3	5	1	4	1	3
0.61827	2	3	4	3	3	3
0.6179	3	5	2	1	2	2
0.70638	5	5	5	5	3	4
0.8286	4	5	1	4	1	4
0.6209	2	0	4	2	4	5
1.16574	3	4	1	3	2	4
0.96511	5	4	1	5	3	3
1.00466	0	0	0	0	0	0
0.69684	3	5	1	5	1	1
0.78727	2	5	1	5	1	5
0.67581	1	1	1	1	1	1
1.01626	2	4	2	4	5	1
0.90118	3	5	5	5	1	4
0.67354	4	.	5	4	3	4
1.21101	5	5	3	5	4	2
0.61665	5	5	1	5	3	5
1.00667	5	5	1	5	1	1
0.73244	3	5	1	5	1	1
1.73785	3	3	1	3	3	1
0.73885	5	5	5	5	5	5
0.65544	0	0	0	0	0	0
0.7899	5	5	3	5	1	4
1.15986	5	5	0	5	5	3
0.68913	4	5	1	4	1	4
0.73244	3	5	2	5	2	5
0.77262	4	4	4	4	4	2
0.67725	4	4	4	4	4	4
0.6225	3	5	1	5	1	1
0.74433	2	4	1	4	2	2
0.77262	5	5	0	5	1	4
0.8267	5	5	0	5	3	5
0.79767	5	5	1	5	1	1
0.64249	4	4	4	4	1	4
0.67354	3	4	3	3	3	3
0.78369	3	5	1	3	1	2
1.12672	5	5	5	5	5	5
0.76699	4	3	2	2	1	1
0.66091	4	4	4	4	4	4
0.70425	4	4	1	4	4	3
0.6209	5	5	5	5	5	5
0.6179	3	.	3	.	3	2
0.65358	0	0	1	0	0	0
0.76681	0	0	0	0	0	0
0.71669	3	5	1	3	2	2
0.72976	3	4	4	4	4	1
0.69855	4	5	1	5	2	3
1.01626	2	2	2	2	2	2
1.15986	5	5	3	5	1	5
0.66684	4	5	1	5	1	1
0.68474	3	4	1	4	1	1
0.69855	4	4	4	4	1	1
0.94816	2	5	1	5	3	5
0.70299	3	5	3	3	1	2
0.73926	3	5	1	5	1	3
1.1441	3	4	2	5	1	1
0.63026	4	4	1	5	1	4
0.66709	.	5	1	5	3	4
0.74038	4	4	0	4	4	4
1.27236	2	2	1	2	2	2
1.1761	0	.	5	.	.	4
0.80313	5	5	0	5	0	5
0.72062	5	5	5	5	5	5
0.7249	.	5	.	.	.	.
0.81204	2	4	5	2	5	1
0.78076	4	5	1	4	5	5
0.7516	5	5	1	2	1	1
0.79672	5	5	0	5	0	5
0.7249	4	3	3	4	2	2
0.65088	4	4	1	4	1	4
0.7806	5	5	1	5	1	5
0.62258	4	4	4	4	4	4
0.01528	4	5	4	3	2	5
0.67257	5	5	3	5	3	4
0.01272	5	5	2	5	4	1
0.80833	3	5	2	5	1	3
0.84687	3	4	1	4	3	2
0.62567	4	5	3	4	2	2
0.02627	4	5	3	5	1	5
0.71362	4	5	3	5	5	5
0.03456	5	4	4	4	4	3
1.61747	4	4	4	4	3	4
1.03484	5	5	3	5	1	3
0.65725	5	4	4	4	4	0
0.69802	4	5	4	4	1	4
0.81725	4	5	4	5	1	0
0.72064	2	5	2	5	1	1
0.63842	4	4	4	4	4	4
0.83913	1	5	1	1	1	4
0.03648	5	5	1	5	3	5
0.52417	0	5	4	5	5	5
0.78562	4	4	2	4	3	2
0.77832	1	1	1	2	1	1
0.62572	4	5	1	5	1	4
0.81725	5	5	1	5	1	3
0.92491	1	1	1	1	1	1
1.04682	3	5	0	5	1	3
0.04807	4	5	3	4	3	3
0.02425	3	4	1	1	1	2
0.56753	3	5	1	5	1	4
0.04911	0	5	0	0	5	0
0.50178	3	5	2	2	2	2
0.01393	1	5	5	5	1	1
0.6887	2	5	4	4	.	2
0.02755	4	4	1	4	4	4
0.93419	3	5	0	5	0	5
0.69984	4	5	3	5	4	3
0.0288	4	4	1	4	2	3
0.01334	5	5	5	5	5	1
0.23589	4	4	5	3	3	0
0.60904	3	5	1	4	4	4
0.0353	4	5	1	3	3	2
0.63842	2	2	2	2	2	2
0.26323	5	5	5	5	5	5
0.83913	3	4	4	4	1	4
0.35647	2	5	5	5	0	4
0.78562	2	5	1	5	1	1
0.0692	3	5	3	4	3	1
0.92807	2	2	1	2	1	1
0.64278	2	2	3	5	5	5
1.28818	2	2	4	3	3	1
0.02391	3	5	1	3	1	1
0.62567	4	5	4	5	3	1
0.01272	4	4	2	.	3	2
0.7665	3	.	3	3	3	3
0.66222	4	4	0	5	2	3
0.96679	3	5	4	3	4	3
0.01464	5	5	5	5	2	2
0.80838	4	5	2	5	3	4
0.01363	5	5	5	5	5	5
0.02348	5	5	2	5	2	4
0.01272	1	3	2	2	3	2
0.82233	4	2	.	1	2	1
0.81601	4	4	4	4	4	4
0.01862	2	5	2	5	1	5
0.04398	4	4	4	4	4	4
0.01407	.	5	5	5	3	2
0.73552	4	5	1	5	4	5
0.54982	5	5	5	5	5	5
0.65618	5	5	3	5	1	1
0.02783	3	5	1	3	1	1
0.53903	4	5	5	5	1	4
0.02522	4	4	4	4	4	4
0.01377	2	5	5	5	2	1
0.50178	5	5	5	5	5	5
0.81725	0	0	0	0	0	0
0.0432	3	5	1	5	1	5
0.02976	3	5	5	5	1	3
0.03555	3	5	0	5	2	4
0.70512	2	2	3	3	3	3
0.02501	5	5	5	5	2	4
0.02565	0	0	0	0	0	0
0.04398	5	5	5	5	1	5
0.35647	5	5	5	5	5	5
0.01322	1	5	1	5	5	5
0.01272	3	5	1	5	1	1
0.70891	5	5	1	5	1	5
0.78562	4	4	4	4	4	4
0.70512	1	5	5	5	1	5
0.65618	5	5	5	5	3	4
0.82625	2	3	.	3	3	3
0.60072	3	5	1	3	1	1
0.86055	4	5	5	.	4	5
0.70488	3	5	3	5	2	1
0.80838	4	3	5	1	2	3
0.697	3	3	3	3	0	0
0.74701	4	4	2	4	4	5
0.01272	2	2	2	2	2	2
0.79233	5	5	5	5	5	5
0.67225	5	5	3	5	5	4
1.30476	5	5	5	5	5	5
0.8152	4	5	5	5	1	1
0.71845	0	5	1	0	2	1
0.63774	3	4	3	3	3	3
0.47718	1	1	1	1	1	1
0.67302	1	2	5	5	4	3
0.68235	4	3	4	3	1	0
0.79184	5	5	3	5	1	5
0.75908	4	4	4	4	2	3
0.77362	1	5	1	5	1	1
0.75747	2	.	.	.	.	.
0.07031	4	5	5	1	3	2
0.06832	4	4	4	4	4	4
0.31284	4	4	4	5	5	0
0.67697	1	2	.	4	.	5
0.27044	2	2	2	2	2	2
0.1061	.	2	3	.	4	.
0.7086	4	4	3	4	3	4
0.68235	1	1	1	1	1	1
0.55007	1	2	2	3	1	2
0.07714	5	5	4	5	5	5
0.43793	4	4	5	4	4	3
0.83285	5	5	5	5	5	5
0.81658	1	2	4	3	3	4
0.72003	1	2	3	4	5	5
0.67453	.	0	0	0	5	0
0.7318	1	1	1	1	1	1
0.632	2	5	1	2	1	1
0.09506	1	2	1	2	1	1
0.70291	3	3	3	3	3	3
0.77362	4	5	2	5	1	1
0.68235	1	1	2	2	1	1
0.72003	1	1	1	1	1	1
0.45062	4	2	3	4	3	3
0.66752	5	5	5	5	5	5
0.68235	3	4	4	3	4	0
1.19873	4	4	4	4	4	4
0.58114	1	1	1	1	1	1
0.63607	5	5	5	5	5	5
0.83747	1	1	1	1	1	1
0.63774	4	4	4	3	4	3
0.43068	3	3	3	3	3	3
0.28617	2	3	3	3	3	3
0.8315	.	.	3	.	5	0
0.54019	0	0	0	0	0	0
0.71647	4	3	3	2	2	3
0.45076	1	2	3	4	4	0
0.59076	.	.	.	.	4	.
0.67731	5	5	5	5	5	5
0.59492	5	0	4	.	3	2
0.75908	1	1	1	1	1	1
0.70031	4	0	0	5	1	2
0.07714	3	5	1	5	3	3
0.74296	5	5	1	5	5	5
0.55875	3	3	4	4	4	4
0.67453	1	1	1	1	1	1
0.67726	2	3	3	.	3	3
0.80881	2	2	3	3	5	0
0.64221	1	.	3	.	4	4
0.51334	3	2	4	4	5	4
0.95529	1	1	1	1	1	1
0.68651	4	4	4	4	4	4
0.95529	4	.	2	.	.	.
0.64165	1	4	1	4	1	1
0.97059	.	.	0	0	0	.
0.71108	2	1	2	2	3	2
0.68235	4	.	3	4	4	4
0.5317	5	5	5	5	5	5
0.74504	5	5	1	1	1	1
0.96187	3	3	3	3	3	3
0.7178	1	.	1	1	1	1
0.77333	.	.	.	0	.	.
0.96086	2	2	2	2	2	2
0.68671	1	2	1	4	1	1
0.77812	3	3	3	3	3	3
0.74296	4	5	4	5	4	1
0.67731	3	4	5	3	.	4
0.93914	4	.	3	.	4	4
0.06842	1	1	1	1	1	1
0.74084	3	3	2	2	2	2
0.47823	2	2	3	.	4	3
0.89289	4	5	4	5	4	5
0.55071	3	3	1	1	1	1
0.47947	1	2	2	3	3	3
0.73385	3	3	4	3	4	3
0.64061	4	4	4	4	4	4
0.13251	3	3	3	3	3	3
0.63774	3	3	3	3	3	3
0.21081	4	.	3	2	2	5
0.75189	.	.	.	.	.	0
0.54218	1	2	1	1	1	1
0.7318	3	5	1	3	1	1
0.71419	2	.	3	4	2	2
0.73264	4	3	5	4	0	5
0.74084	.	4	.	5	.	.
1.36692	3	4	4	5	3	4
0.59512	2	4	1	4	1	1
0.67731	1	1	2	1	1	1
0.30007	1	4	2	2	3	1
0.6569	4	.	3	3	5	5
0.80881	4	4	4	4	4	4
0.61838	4	4	4	4	4	4
0.78939	4	4	4	3	3	2
0.77201	1	5	1	1	1	1
0.75291	1	5	0	1	1	2
0.8158	1	4	1	4	1	1
0.79265	1	4	1	1	1	1
1.13597	2	4	4	1	3	1
0.95341	4	4	4	4	4	4
1.18971	1	1	1	1	1	1
0.78198	1	4	1	4	1	3
0.75651	4	4	4	4	1	1
1.20793	3	3	3	3	3	3
0.72605	2	1	1	2	1	3
0.84872	1	4	4	3	3	1
0.7766	5	5	0	5	5	5
0.7907	4	4	4	4	4	4
0.74165	3	5	5	5	3	2
0.9742	2	4	1	4	4	4
0.75234	1	4	3	1	2	1
0.77938	1	5	3	1	1	5
1.22509	1	4	1	1	1	2
0.82512	1	4	1	1	1	2
1.00229	3	5	5	5	5	5
0.89999	1	1	1	1	1	1
0.88555	1	4	1	1	1	1
0.96227	4	5	5	5	4	5
1.00229	4	4	4	4	3	4
0.7349	1	4	4	1	1	2
0.9907	1	5	1	5	1	5
0.89119	2	4	5	5	5	5
0.79265	1	5	1	1	1	1
1.50777	4	4	1	4	1	3
0.62936	1	4	1	2	1	1
0.76865	0	0	3	3	4	0
0.62519	1	4	4	4	2	3
1.45267	2	4	3	4	2	4
0.61751	1	4	3	4	1	3
0.96227	1	4	4	4	4	1
0.8818	4	4	1	4	3	1
1.28615	1	1	1	1	1	1
0.96047	1	4	1	3	1	4
0.87828	2	5	3	5	2	5
0.80503	3	4	1	3	1	4
0.92747	2	4	1	1	1	4
0.75234	1	2	1	1	1	1
1.09382	1	5	0	1	2	2
0.93414	3	4	1	1	1	1
0.74474	1	5	5	5	5	2
0.8818	1	4	1	1	1	4
0.77453	3	4	4	4	3	1
0.80249	4	5	1	1	1	1
0.79376	4	4	4	4	1	1
0.62936	1	4	3	4	3	1
0.91872	3	4	1	3	1	4
0.92849	1	4	4	4	1	4
1.01874	1	4	4	4	4	4
0.83235	4	5	3	5	4	5
0.80934	1	4	4	1	4	1
1.15258	5	5	5	5	5	5
0.91355	2	4	4	4	1	4
0.75234	1	4	1	1	1	3
1.19325	4	1	1	1	1	1
0.91872	1	4	4	2	2	4
0.86097	1	3	1	1	1	1
0.15359	2	4	2	1	1	1
1.06256	1	4	4	3	3	1
1.11391	1	5	1	1	1	1
0.79863	3	4	1	3	1	4
0.59348	3	4	3	3	2	4
0.71927	4	4	4	4	4	4
0.82533	1	5	4	3	1	3
0.82136	1	4	1	1	1	3
0.78295	1	4	4	4	4	4
0.81725	1	2	1	1	1	1
0.83067	4	5	1	4	5	4
0.82029	1	4	4	4	4	2
0.95719	4	5	1	4	1	3
0.77471	2	4	4	4	1	2
1.01192	1	5	1	.	1	1
0.54173	4	4	1	3	3	3
0.60892	3	4	3	4	3	3
0.79703	1	4	1	4	3	1
0.92377	3	5	3	3	3	3
0.5952	1	4	1	1	1	1
0.95525	1	4	1	1	1	1
0.78937	2	4	1	2	1	3
0.89422	3	4	4	4	4	4
0.81183	2	4	1	4	1	4
0.87858	4	4	2	4	4	4
0.82533	3	4	1	1	2	1
0.91751	3	5	1	3	3	5
0.96514	1	1	1	1	1	1
1.14329	1	4	1	3	1	1
0.51718	2	2	2	2	2	2
0.82432	1	4	1	1	1	1
0.78939	1	4	1	1	3	4
0.91618	1	5	3	5	5	5
0.7953	2	4	1	1	1	4
0.82433	1	4	3	4	3	4
0.96692	1	5	5	1	1	1
0.86097	4	4	3	4	3	4
0.27397	4	4	4	4	.	.
0.29017	4	4	4	4	4	4
0.50662	1	4	1	4	4	4
0.32765	3	5	5	2	4	4
0.32295	5	5	4	4	4	4
0.28382	.	.	4	5	.	0
0.4271	4	4	4	4	2	2
0.13494	5	5	5	5	5	5
0.19228	4	4	4	4	4	4
0.15134	5	5	5	5	5	5
0.01835	4	4	3	4	4	3
0.51665	2	4	1	2	2	3
0.27826	2	0	.	.	.	.
0.21531	0	0	0	0	0	0
0.01881	4	4	0	5	0	4
0.5253	1	3	2	2	2	2
0.32765	4	4	4	4	4	4
0.13011	3	3	3	.	2	2
0.13011	5	5	3	5	5	4
0.22782	4	4	4	4	3	3
0.27838	3	5	1	5	2	3
0.27733	4	4	1	4	4	4
0.28682	1	5	1	1	1	1
0.01835	3	5	1	5	1	3
0.22782	3	4	1	4	2	2
0.28051	1	4	1	1	1	1
0.32244	4	4	2	2	4	5
0.31765	1	4	1	4	1	1
0.22782	4	4	4	4	4	4
0.01835	3	3	1	3	1	2
0.31629	0	0	0	5	0	0
0.30848	5	5	1	5	1	5
0.26286	1	4	1	1	1	1
0.32059	2	5	1	5	2	5
0.28188	3	4	4	4	4	4
0.14023	1	4	2	4	1	1
0.18033	3	3	3	3	3	3
0.15134	3	5	2	3	2	2
0.08769	5	5	1	5	1	5
0.16956	5	5	5	5	5	5
0.01923	5	5	1	5	5	5
0.47843	1	5	1	5	4	3
0.01835	5	5	5	4	1	5
0.52902	4	3	3	4	4	3
0.50062	5	5	5	5	5	5
0.08495	3	3	3	3	3	3
0.08644	2	4	4	4	4	4
0.16965	1	3	3	.	3	3
0.20312	4	4	4	4	4	1
0.17705	3	4	1	4	1	2
0.54862	1	4	1	4	3	1
0.01835	5	5	2	5	2	1
0.27761	4	3	4	3	4	4
0.14734	4	5	2	0	3	4
0.17101	4	4	4	4	4	4
0.19484	2	4	1	3	1	1
0.14131	2	1	2	4	4	3
0.53472	3	3	3	4	2	1
0.55869	5	5	5	5	4	4
0.01927	4	5	3	5	2	2
0.56014	2	4	2	2	2	3
0.32915	5	5	4	5	3	2
0.34011	3	3	3	4	4	3
0.1649	5	5	5	5	5	5
0.69836	4	4	1	4	4	1
0.52902	3	4	3	4	4	3
0.17413	1	4	1	4	3	3
0.17252	3	5	0	5	0	4
0.22388	3	5	1	2	1	1
0.01835	3	5	1	3	1	1
0.28674	4	5	4	5	5	5
0.52902	4	4	4	4	4	4
0.19091	2	4	1	4	1	1
0.14023	4	4	4	4	4	4
0.30848	5	3	1	3	2	1
0.15134	5	4	4	3	4	4
0.01835	4	4	4	4	4	2
0.1649	3	4	1	4	1	1
1.35505	4	4	4	4	4	4
0.21629	2	3	2	2	3	3
0.22224	4	4	4	4	4	4
0.66936	3	4	1	1	2	3
0.01835	4	4	4	4	4	4
0.17488	5	4	3	4	4	4
0.33974	5	.	4	5	5	4
0.13816	3	4	1	4	1	1
0.09536	5	5	5	5	5	5
0.55459	4	3	5	3	5	3
0.25957	2	5	5	5	3	1
0.17182	1	4	1	4	1	1
0.08822	5	5	1	5	5	5
0.01835	4	4	4	4	1	4
0.29652	1	5	1	5	1	1
0.68721	2	3	2	3	2	2
0.22567	2	2	2	2	2	2
0.22782	4	5	1	5	1	4
0.01891	3	4	1	4	2	2
0.21279	5	5	5	5	4	4
0.15442	2	5	2	2	2	2
0.22782	5	5	1	5	5	5
0.66485	2	4	4	4	1	1
0.67692	5	5	5	5	5	5
0.78908	4	4	4	4	3	1
0.63244	4	4	1	1	1	1
0.54743	5	5	2	5	1	5
0.71863	1	5	1	0	1	5
0.05289	5	5	5	5	5	5
0.12206	4	0	1	4	1	3
0.58184	4	5	4	4	1	3
0.52251	5	5	1	5	1	1
0.62788	4	5	3	4	1	4
0.68233	1	4	1	1	1	1
0.59163	3	5	5	2	3	4
0.0208	5	0	0	5	5	5
0.74827	5	5	5	5	3	3
0.57259	5	5	5	5	5	5
0.63373	5	5	0	3	1	3
0.72692	5	5	5	5	1	3
0.58912	1	5	5	1	1	1
0.72811	5	5	5	5	1	5
0.63773	5	5	5	5	5	5
0.66152	3	5	1	1	1	1
0.66929	3	5	4	5	3	3
0.59163	4	5	4	4	1	2
0.66812	2	4	3	1	1	1
0.67249	5	5	3	5	5	5
0.60616	0	0	1	0	0	0
0.67308	4	3	5	3	2	4
0.68673	0	3	1	1	1	3
0.68673	3	5	1	1	1	3
0.60768	4	4	3	4	1	4
0.58912	3	5	3	3	2	4
0.70643	1	5	5	4	1	1
0.78758	4	4	1	1	1	1
0.60768	2	5	2	2	2	2
0.61069	4	5	5	4	2	2
0.5786	1	5	5	5	1	4
0.52251	5	5	5	5	5	4
0.60003	2	5	1	1	1	1
0.67165	3	5	1	4	1	2
0.67308	1	1	1	1	1	1
0.64427	5	5	5	1	3	1
0.68723	4	4	4	4	4	4
0.63715	4	3	4	3	4	3
0.7338	1	5	1	1	1	1
0.65062	4	4	4	4	4	4
0.6707	3	5	5	5	1	5
0.68233	4	4	4	4	4	4
0.51558	4	5	2	1	1	1
0.60626	5	5	1	5	1	3
0.62076	5	.	5	5	5	5
0.35853	1	5	3	3	2	2
0.63958	5	5	1	5	0	5
6.01	1	5	5	5	4	1
0.69239	4	4	4	4	4	2
3.87854	3	5	4	5	1	1
0.71445	4	4	4	4	4	4
0.79877	3	4	1	3	1	1
1.07483	4	5	1	1	1	1
0.70002	4	5	1	1	1	1
0.67165	1	5	3	3	3	1
0.87751	4	4	2	4	4	4
0.67249	1	1	4	4	4	4
0.12206	4	4	1	4	4	4
0.71445	4	4	1	4	1	3
0.61142	4	4	4	4	4	4
0.87751	4	4	1	1	1	3
0.66026	3	4	3	3	3	2
0.62041	2	5	3	5	1	1
0.81447	2	5	0	5	2	2
0.6426	2	4	1	4	1	2
0.57674	5	5	5	5	5	5
0.63227	1	5	1	5	1	1
0.67121	3	4	3	1	1	1
0.74461	5	5	5	5	4	4
0.62076	2	4	1	2	1	1
0.61106	4	4	4	4	2	3
0.70833	1	5	1	1	1	1
0.54233	3	4	4	4	1	1
0.61647	3	4	1	1	1	1
0.67933	3	3	3	3	1	3
0.61065	4	5	4	2	1	1
0.68706	3	3	3	3	3	3
0.7338	4	5	2	3	1	4
0.47782	1	1	1	1	1	1
0.87751	1	5	5	5	5	1
0.73363	5	5	5	5	5	5
0.68673	1	1	1	1	0	0
1.07483	4	4	1	4	1	1
0.63373	5	5	1	5	1	5
0.68233	5	5	1	1	1	5
0.64957	1	4	4	4	1	3
0.60626	5	5	1	5	1	5
0.65182	1	5	1	1	1	4
1.79562	3	4	3	2	1	3
0.55778	1	5	5	5	5	5
0.63336	4	4	1	4	1	4
0.79087	3	3	3	3	3	3
0.66392	5	5	5	5	2	3
0.68081	3	5	1	4	1	1
0.77178	3	3	3	5	3	3
0.45028	4	4	2	4	3	4
0.64827	4	5	1	5	1	3
0.69568	4	5	1	5	1	5
0.90464	4	3	4	3	4	4
0.48174	4	4	1	4	1	1
0.8137	5	5	0	5	1	5
0.66305	3	4	4	3	5	4
0.69745	4	5	1	4	1	3
1.01627	5	5	5	5	5	5
0.71618	4	4	1	4	2	4
0.4041	2	4	1	1	1	1
0.71618	5	5	1	5	5	1
1.18008	5	5	1	1	2	1
0.59962	4	4	1	1	1	1
0.85454	4	5	4	5	1	1
0.69568	2	2	2	2	2	2
0.64827	4	5	0	5	1	2
0.958	5	5	5	5	1	0
0.7113	4	4	1	4	1	4
1.34034	2	.	2	3	1	2
0.59323	1	1	1	1	1	1
0.57659	4	5	0	5	1	3
1.09161	5	5	1	5	1	5
0.71618	5	5	1	5	4	5
0.23043	5	5	5	5	5	5
0.66807	5	5	2	5	2	5
0.63118	3	3	3	3	3	3
0.2141	5	5	5	5	5	5
0.83961	5	5	5	5	5	5
1.30878	4	5	1	5	1	4
0.6945	4	4	4	4	4	4
0.37722	4	4	3	4	4	3
0.26864	5	5	0	5	1	3
0.74297	4	3	4	3	4	3
0.77612	5	5	1	5	5	1
0.6962	5	5	2	5	2	5
0.79729	3	5	4	5	2	4
0.21305	3	3	1	3	3	2
1.03114	5	5	1	5	1	1
0.61799	3	4	1	4	1	4
0.6165	5	4	3	4	4	3
0.21906	2	2	2	1	1	1
0.66625	5	5	1	5	1	5
0.41349	5	5	1	5	1	5
0.56811	4	4	4	4	4	4
0.80457	3	5	1	5	5	5
0.21763	0	0	1	0	1	1
0.20617	3	5	3	3	1	2
1.05576	5	5	0	5	1	5
0.62461	3	4	1	4	4	1
0.52197	4	5	1	4	4	0
1.19925	3	2	2	3	4	4
0.6546	2	5	2	5	3	5
0.52197	4	5	2	4	2	1
0.71669	3	4	1	4	3	3
0.69513	4	5	2	5	2	1
0.59791	5	5	1	5	1	5
1.05576	2	2	2	2	2	2
0.21328	2	5	2	2	2	5
0.59962	0	0	0	0	0	0
0.21328	1	4	4	4	1	1
0.56811	4	4	3	4	3	4
0.90464	5	5	1	4	1	5
1.09161	5	5	1	5	2	5
0.66078	4	4	1	4	4	4
0.59962	2	3	3	4	3	5
0.6165	4	4	1	4	1	4
0.66625	4	4	2	4	1	1
0.54519	5	5	0	5	1	3
0.6371	5	5	0	5	1	4
0.67731	5	5	1	4	4	5
0.71669	2	5	1	1	1	2
0.66182	4	4	4	4	4	4
0.71618	5	5	1	5	1	5
0.72721	0	0	0	0	0	0
0.43109	3	.	4	3	4	0
0.56055	5	5	1	5	1	1
0.59962	1	4	3	3	3	3
0.6992	3	3	3	3	3	3
0.50158	4	4	4	4	4	4
0.69568	0	3	1	1	1	1
0.80457	4	5	1	5	3	2
0.4041	5	5	2	3	1	3
0.71618	4	5	3	3	3	3
0.8762	5	5	0	5	1	5
0.68192	5	5	0	5	1	5
0.87109	5	5	1	5	1	5
0.81954	4	5	3	5	5	4
0.71913	0	0	1	0	2	0
0.74517	.	5	4	5	1	2
0.89228	4	5	4	2	1	4
0.60373	4	4	4	4	2	4
1.1185	5	5	1	5	1	5
0.89228	5	5	1	5	4	1
0.80457	2	5	1	1	1	1
0.65414	5	5	1	5	4	5
0.61657	1	5	1	5	3	3
0.69952	1	2	3	3	3	4
0.64166	3	2	2	2	1	1
0.75656	4	4	1	4	4	4
0.60708	4	5	1	5	3	4
0.79587	5	5	2	5	3	4
0.89764	3	3	3	3	3	3
0.66954	5	5	5	5	5	5
0.65543	3	5	5	5	5	5
0.84813	4	4	2	4	3	4
1.0574	5	5	2	5	1	5
0.6882	1	4	1	1	4	1
0.90112	0	5	4	4	3	3
0.92963	5	5	1	5	3	4
1.1878	4	4	4	4	4	4
0.83749	2	2	2	2	2	2
0.91184	3	5	0	5	3	0
0.95199	4	5	1	5	5	1
1.05309	5	5	1	5	3	4
0.60708	0	0	0	0	0	0
0.73434	5	1	1	1	5	5
0.80641	5	5	2	5	3	4
0.82998	5	5	3	5	3	5
0.90751	2	2	2	3	4	5
0.73659	4	4	3	4	3	3
0.84029	4	4	1	4	4	1
0.86322	5	5	1	.	3	5
0.86569	4	4	0	4	3	4
0.97991	5	5	0	5	5	5
1.15562	5	5	0	5	5	5
0.85113	5	4	4	4	4	4
0.74391	4	4	4	3	3	3
0.63893	4	5	1	5	5	4
0.92641	2	5	2	2	1	1
0.83662	4	4	1	4	1	2
1.59636	4	4	4	4	4	4
0.97991	5	5	1	4	3	4
0.78964	2	2	2	2	2	2
1.54724	5	5	1	5	2	5
0.79983	0	0	0	0	0	0
0.70248	4	4	4	4	0	0
0.85894	5	5	1	5	2	5
1.03097	5	5	5	5	5	5
0.83549	4	5	4	3	5	3
0.83144	4	4	1	4	4	3
0.83549	5	5	5	5	5	4
1.51654	4	4	4	4	3	1
0.83742	5	5	1	2	4	3
0.77007	4	4	0	4	4	4
1.29959	4	4	1	4	3	4
0.8395	3	5	1	5	4	1
0.73659	5	5	5	5	5	5
0.91162	4	4	0	4	1	4
0.77362	3	3	3	3	3	3
0.84134	4	4	4	4	4	4
0.71836	2	5	1	5	0	4
0.79211	5	5	5	5	3	4
0.68992	2	4	1	4	2	3
0.86906	4	5	1	5	4	1
1.1646	0	0	0	0	3	3
0.79683	1	5	0	5	1	3
0.89986	4	4	2	4	3	1
0.74359	1	4	1	4	4	1
0.83053	5	5	0	4	4	0
0.77622	3	0	1	5	3	1
0.95884	4	4	1	1	3	1
0.82335	2	2	1	2	2	2
0.97969	3	3	4	5	4	4
0.8122	4	5	3	5	3	2
0.8122	5	5	1	5	5	1
0.63893	4	5	2	2	3	3
0.60708	3	5	1	1	2	3
1.06154	2	2	2	3	2	1
0.6882	1	1	1	1	1	1
0.84279	4	4	3	4	5	4
0.83662	2	5	0	5	0	0
0.89924	2	2	2	2	2	2
0.68335	5	5	5	5	3	5
0.78958	4	4	4	4	4	4
0.82998	4	4	2	4	2	1
0.80625	4	3	4	4	4	4
0.6835	4	5	1	4	4	4
0.83974	3	5	1	5	3	2
1.09433	4	5	2	5	1	1
0.744	5	5	1	5	5	5
1.15562	3	5	2	5	3	3
0.93564	0	0	0	0	0	0
0.67687	3	5	1	4	3	1
0.75473	4	4	2	4	1	4
0.77109	5	5	5	5	5	1
0.7792	2	5	1	5	1	4
0.82335	4	4	3	5	3	1
1.09258	4	4	2	4	4	4
1.21857	5	5	1	5	3	3
0.73659	2	4	1	4	2	2
1.09258	5	5	1	5	5	5
0.72623	4	4	2	4	2	5
0.77411	5	5	5	5	5	5
1.6721	2	4	2	4	2	1
0.71242	0	5	5	0	.	5
0.87602	4	5	2	5	5	3
0.80061	4	5	3	5	3	5
1.00514	4	4	1	4	4	4
1.13045	2	4	4	4	2	1
1.13045	2	5	1	5	3	4
1.13045	2	3	3	1	1	1
1.13045	1	4	1	1	1	1
1.13045	2	5	2	3	3	2
1.13045	3	5	5	4	1	1
1.13045	5	5	5	5	5	5
1.17479	4	4	4	4	4	4
1.13045	2	5	3	2	4	4
1.13045	5	5	3	5	1	1
1.13045	5	5	5	5	2	1
1.28461	5	5	1	1	1	1
1.13045	3	5	4	5	3	3
1.13045	5	5	1	5	1	1
1.13045	3	5	4	3	3	3
1.13045	4	5	1	1	1	1
1.13045	1	5	1	1	1	1
1.13045	5	5	5	5	1	5
1.13045	5	5	5	5	1	5
1.13045	4	4	3	3	4	4
1.13045	4	4	1	3	1	4
1.13045	2	5	1	1	1	1
1.19212	3	5	1	1	1	1
1.15306	5	5	1	5	2	5
1.13045	5	5	5	5	1	1
1.19212	1	5	1	1	1	1
1.13045	5	5	1	1	1	1
1.13045	5	5	1	1	1	3
1.13045	1	5	1	1	1	1
1.13045	2	5	5	1	1	5
1.13045	3	5	3	2	1	5
1.13045	2	2	2	2	2	2
1.13045	2	5	0	2	2	0
1.13045	5	5	2	5	5	5
1.13045	5	5	5	5	5	5
1.13045	5	5	5	5	1	1
1.15944	5	5	4	5	4	3
1.13045	2	5	1	2	4	2
1.13045	3	5	1	4	0	5
1.13045	4	5	5	5	1	5
1.13045	2	5	4	4	4	4
1.13045	4	5	1	2	1	3
1.13045	4	4	1	4	1	4
1.13045	5	5	5	5	5	5
1.13045	4	5	5	1	1	1
1.13045	5	5	5	5	1	5
1.13045	5	5	5	5	2	2
1.13045	0	0	0	0	0	0
1.13045	1	4	4	4	1	1
1.19967	4	4	1	4	1	4
1.13045	4	5	4	1	1	4
1.13045	5	5	5	5	3	5
1.13045	4	5	4	1	1	1
1.13045	5	5	5	5	5	5
1.13045	4	5	5	5	5	5
1.13045	5	5	5	1	4	5
1.19695	4	4	1	4	1	1
1.13045	4	4	1	4	3	4
1.13045	5	5	5	5	3	3
1.13045	4	4	3	4	2	5
1.13045	5	5	2	5	5	5
1.13045	3	5	5	3	5	1
1.19967	3	5	4	4	2	4
1.13045	4	4	1	4	3	4
1.13045	3	4	3	1	1	1
1.13045	1	5	1	1	1	4
1.13045	5	5	5	1	1	5
1.13045	3	5	3	5	3	4
1.13045	5	5	5	5	5	5
1.13045	2	4	4	3	4	1
1.13045	4	4	4	4	4	4
1.13045	3	5	1	1	4	3
1.1466	1	5	2	2	2	2
1.13045	3	5	4	5	0	3
1.13045	3	4	3	.	3	1
1.13045	4	5	4	5	4	5
1.13045	3	3	3	3	3	3
1.13045	4	5	5	5	3	4
1.13045	3	5	0	2	1	1
1.13045	4	4	1	4	1	4
1.13045	3	4	3	2	2	4
1.13045	5	5	3	5	2	5
1.15306	5	5	2	5	5	5
1.13045	4	4	2	1	1	1
1.13045	2	5	1	1	1	5
1.13045	5	5	0	5	5	5
1.13045	3	5	5	3	1	1
1.13045	4	5	4	3	3	3
1.13045	4	4	3	3	3	3
1.13045	5	5	1	1	1	5
1.13045	3	4	4	4	3	3
1.13045	5	5	1	1	5	5
1.13045	4	4	3	4	3	3
1.13045	4	4	4	4	1	1
1.13045	5	5	4	1	1	1
1.13045	3	4	3	3	3	1
1.13045	4	4	1	1	4	1
1.13045	5	5	5	5	5	5
1.13045	2	5	5	5	2	3
1.13045	5	5	1	5	1	1
0.82336	1	2	3	4	.	5
0.75849	1	1	1	1	1	1
0.69251	.	5	1	1	4	5
0.80072	1	3	3	4	5	5
0.73442	.	.	.	3	.	.
0.69707	1	1	1	1	1	1
0.70531	1	3	3	2	.	5
0.71939	4	3	2	1	1	0
0.83026	1	2	2	.	.	2
0.73273	2	5	1	5	1	1
0.78916	1	3	2	4	3	4
0.71883	3	3	3	3	3	3
0.68609	2	1	1	1	1	1
0.71086	2	2	2	2	3	4
0.82444	1	2	1	1	1	1
0.70346	1	2	1	2	1	2
0.72465	1	.	2	3	2	3
0.7604	1	4	2	.	4	5
0.72451	1	1	1	0	2	1
0.76119	2	2	1	1	1	1
0.69017	2	3	3	2	2	3
0.71041	1	3	2	1	1	1
0.70859	4	4	4	4	1	1
0.75739	4	5	3	0	4	0
0.70859	1	4	2	4	2	4
0.7075	3	.	1	1	1	1
0.69707	4	2	4	2	4	3
0.74829	1	4	1	1	1	1
0.78627	1	2	1	2	1	1
0.74509	1	1	.	1	.	.
0.77649	2	3	2	4	5	0
0.76588	3	3	1	3	2	3
0.71463	5	5	1	5	1	2
0.78627	2	2	1	2	3	3
0.72056	1	1	1	1	1	1
0.73956	4	3	4	5	4	5
0.64203	0	2	1	2	1	1
0.83588	4	4	2	1	1	1
0.79627	1	4	1	0	4	4
0.7604	1	0	2	1	1	1
0.71646	1	.	2	3	1	3
0.66038	1	2	1	1	1	1
0.65198	1	2	.	2	2	2
0.7149	3	2	3	2	3	2
0.66761	1	3	3	3	3	3
0.58228	4	4	4	4	.	4
0.64203	4	.	1	3	1	1
0.7423	1	4	1	4	5	4
0.76968	1	2	2	2	1	2
0.80639	1	1	5	2	1	2
0.83178	1	3	3	3	1	1
0.71939	4	4	5	3	1	5
0.80089	1	2	3	1	3	0
0.7075	1	1	1	1	1	1
0.62439	1	.	.	.	.	.
0.73037	2	2	2	2	2	2
0.81786	1	5	1	1	3	1
0.72056	1	2	2	.	3	3
0.77649	1	3	4	5	4	5
0.67357	2	3	2	4	2	.
0.77756	0	0	0	0	0	0
0.76914	1	2	1	1	1	1
0.75902	0	0	0	0	0	0
0.79627	5	5	1	5	5	5
0.68609	2	4	4	5	2	2
0.79019	1	3	1	1	1	1
0.69997	2	4	3	4	5	4
0.66761	2	2	1	1	1	1
0.81063	2	2	2	2	2	2
0.78518	1	5	1	5	1	1
0.82449	5	4	1	5	5	5
0.24244	5	4	1	4	3	4
0.7423	3	4	5	1	5	4
0.75868	3	3	2	3	4	4
0.69017	1	5	1	5	1	5
0.69707	4	4	4	4	4	4
0.62862	1	1	1	1	1	1
0.64203	5	5	5	5	5	5
0.74904	3	5	.	.	.	.
0.79305	1	2	1	1	1	1
0.39134	0	4	0	0	0	0
0.81063	5	5	5	5	5	5
0.76968	1	1	1	1	1	1
0.76119	4	3	3	3	3	3
0.70076	4	4	1	4	1	3
0.72817	5	4	4	3	3	1
0.70595	.	.	3	3	.	4
0.76309	3	5	3	3	1	4
0.77649	1	2	1	1	1	1
0.77842	1	2	1	2	1	1
0.73102	3	4	3	2	.	1
0.69707	3	5	5	5	2	5
0.72465	4	5	4	3	4	5
0.77929	2	5	1	2	1	2
0.72465	4	5	4	1	3	1
0.88071	2	1	1	2	2	1
0.73956	5	5	4	4	5	4
0.77709	4	4	0	4	3	0
0.7075	1	1	1	1	1	2
0.67156	5	5	1	5	1	1
1.41473	2	4	1	5	3	4
1.37415	5	5	5	5	5	5
1.45533	5	5	5	5	1	1
1.61703	5	5	0	5	2	1
1.51413	5	5	1	5	2	5
1.43002	4	4	4	4	4	4
1.42225	4	5	1	3	1	1
1.30196	5	5	5	5	5	5
1.29794	5	5	5	5	5	5
1.83312	4	.	5	2	.	5
1.47493	1	5	5	5	2	2
1.51413	5	5	3	5	4	5
1.40469	4	4	4	4	2	2
1.35718	5	5	3	3	3	3
1.34993	5	5	1	5	4	2
2.14368	5	5	0	5	3	0
1.57325	1	4	0	3	2	3
2.04891	5	5	1	5	1	5
1.54726	4	5	1	5	1	1
1.43279	5	5	1	5	5	5
1.9465	3	1	1	3	1	1
1.64587	5	5	1	5	5	5
1.61086	3	5	1	4	1	4
1.53425	4	4	3	4	1	3
1.36147	4	5	1	5	1	3
1.52175	5	5	5	5	5	3
1.28951	5	5	5	5	5	5
1.52175	5	5	5	.	.	5
1.83887	5	5	0	5	0	2
1.61703	5	5	2	5	2	2
2.41352	4	1	1	1	1	1
1.61703	4	4	3	5	3	5
1.62817	3	4	3	3	4	4
1.42225	4	4	4	4	1	1
1.34202	.	3	1	4	5	4
1.3973	5	5	1	1	1	5
1.61086	3	0	1	2	3	2
1.64587	4	5	2	5	2	4
1.77848	5	5	5	5	4	4
1.3973	5	5	5	5	5	5
1.35718	3	5	1	5	1	1
1.3973	5	5	5	5	5	5
1.42912	4	4	1	5	3	2
1.83887	5	5	5	5	3	5
1.54726	4	5	5	5	4	5
1.87105	5	5	5	5	1	1
1.43279	5	5	5	5	1	4
1.91813	4	5	1	5	1	1
2.14368	5	5	1	5	4	5
1.61086	4	4	1	4	1	4
1.42225	4	4	0	.	.	.
1.52579	5	5	5	5	5	5
1.77848	4	4	4	4	5	5
1.30196	3	0	0	0	0	0
1.39064	5	5	2	5	2	2
1.42225	5	5	2	5	4	1
1.61086	4	0	0	0	0	0
1.34993	5	5	1	5	3	1
1.29794	5	5	1	5	4	4
2.40202	5	5	1	5	1	4
1.61703	5	5	0	5	1	5
1.61703	5	5	1	5	1	5
2.14368	5	0	0	5	5	5
1.3973	3	3	1	1	1	1
1.71573	5	5	1	5	5	5
1.43002	2	1	4	1	2	4
1.41593	5	5	1	4	4	2
1.42225	5	5	5	5	1	2
1.36147	4	5	0	5	0	0
1.53425	4	4	1	4	1	4
1.34993	5	5	1	5	3	3
1.30196	5	5	5	5	5	5
1.42225	5	5	1	1	1	5
1.36147	4	4	1	4	1	4
1.39064	4	5	0	5	5	5
1.29794	5	5	1	5	5	4
1.35718	5	5	4	4	4	1
1.28951	3	.	3	3	3	3
1.64587	0	0	2	5	5	2
1.61086	5	5	1	5	1	5
1.52579	4	4	3	4	1	4
1.38462	4	5	1	5	1	3
1.51707	3	5	1	5	1	3
2.01947	5	5	3	5	5	5
1.34202	4	4	2	4	2	2
1.57325	5	5	0	5	0	5
1.51707	2	5	4	5	5	2
1.47493	4	5	5	5	3	1
1.66731	5	2	5	5	1	5
1.39064	5	5	5	5	5	5
1.9465	4	5	1	3	1	2
1.35718	5	5	0	5	5	5
1.41593	4	5	1	5	1	1
1.64587	4	4	4	4	4	4
1.39064	5	5	3	5	5	2
1.36147	3	5	1	5	1	1
1.51707	5	5	5	5	2	3
1.91813	5	5	5	5	1	5
1.45533	5	5	5	5	4	5
1.61086	5	5	1	5	1	2
0.92158	2	5	5	5	1	1
0.62938	2	1	1	2	1	1
0.81072	4	4	2	3	1	1
0.64087	2	3	3	3	2	2
0.78371	4	4	1	3	2	4
0.89203	2	4	1	4	4	4
0.74056	3	4	1	3	1	3
0.62111	4	4	4	4	4	4
0.70399	.	.	0	.	5	.
0.61058	3	4	3	4	2	2
0.36852	0	0	0	0	0	0
0.53175	4	4	1	4	1	4
0.89086	2	2	1	1	1	1
0.51349	5	5	4	4	3	3
0.60829	1	4	1	4	1	5
0.60145	3	5	1	5	1	1
0.66232	5	5	5	5	5	5
0.76536	1	1	1	1	1	1
0.58202	1	0	1	1	1	1
0.65526	4	4	4	4	1	5
0.74223	3	4	1	2	1	4
0.66404	2	4	2	2	1	1
0.76557	1	1	1	1	1	1
0.68245	1	5	5	5	2	5
0.58486	4	4	4	4	2	2
0.66486	4	4	4	4	4	4
0.32464	2	3	1	1	1	2
0.83504	3	2	2	2	2	3
0.49689	1	2	1	2	1	1
0.69912	5	4	5	5	5	5
0.73775	3	4	0	0	0	4
0.70511	2	1	1	1	1	1
0.65001	3	4	3	3	4	4
0.63771	3	5	1	5	5	5
0.73605	1	5	1	5	2	5
0.7447	4	4	1	4	4	4
0.69642	1	2	3	.	3	2
0.67406	2	4	2	2	1	1
0.75564	3	4	3	3	3	3
0.8919	3	5	0	5	3	3
0.31231	2	2	2	2	2	2
1.26019	5	5	2	5	2	4
0.46431	3	4	2	4	2	3
0.31186	5	5	1	5	1	5
0.31231	2	5	1	1	1	2
0.33454	2	2	1	1	1	1
0.75816	1	4	1	1	1	5
0.63091	5	5	5	5	5	0
0.73925	4	4	1	4	3	4
0.71283	5	5	5	5	5	5
0.67264	3	3	3	3	3	3
0.64466	5	4	5	4	5	4
1.48078	3	4	1	4	1	3
0.25224	5	5	5	5	2	2
0.89042	5	4	1	4	1	1
0.73925	5	5	4	5	1	5
0.72504	4	4	0	4	0	4
0.87172	2	5	2	5	2	2
0.64235	4	4	1	2	2	4
0.60145	2	4	0	4	2	1
0.64066	4	3	4	4	4	3
0.76404	1	1	1	1	1	1
0.65813	1	0	1	1	1	0
0.67264	1	5	1	5	1	1
0.33454	3	1	1	3	3	3
0.68037	4	4	4	3	3	3
0.65469	3	1	1	3	1	1
0.76449	2	1	1	1	1	1
1.06834	2	2	2	2	2	2
0.12588	2	5	2	5	2	5
0.58486	4	5	1	5	2	2
0.7315	5	5	5	5	5	5
0.66387	0	5	4	5	0	5
0.65627	3	0	0	0	0	0
0.87284	4	5	1	4	1	3
0.73829	0	0	0	0	0	0
0.88435	4	5	1	4	1	1
0.80171	1	4	1	1	1	1
0.7883	2	2	2	2	3	3
0.28651	4	4	0	4	0	0
0.76365	1	4	1	2	1	1
0.81671	1	2	1	2	1	1
0.7211	2	5	1	1	1	5
0.76404	0	0	2	0	5	0
0.10025	1	1	1	1	1	1
0.53697	1	4	4	1	3	2
0.64235	4	4	3	4	1	3
0.84002	2	2	2	2	2	2
0.86037	2	2	2	2	2	2
0.71283	3	4	3	3	2	4
0.87239	4	5	4	5	1	4
0.62111	0	5	0	5	0	0
0.77627	3	5	1	2	1	1
0.51089	5	5	4	5	5	5
0.46431	2	4	1	2	2	5
0.68174	3	4	2	4	4	4
0.66486	2	4	1	1	1	1
0.65492	2	4	1	1	1	1
0.81643	1	4	1	1	1	1
0.79923	2	4	1	2	1	1
0.48657	5	5	5	5	5	5
2.30253	1	5	1	1	1	1
0.82386	4	5	1	5	4	5
0.67464	2	.	.	.	.	.
1.10123	1	5	1	5	1	1
0.42278	1	0	1	0	1	1
1.45601	3	5	4	5	1	1
1.65287	1	1	1	2	2	1
0.42278	4	5	1	4	1	3
3.07286	1	1	1	1	1	1
0.82386	5	5	1	5	1	5
1.51751	5	5	1	0	3	2
0.29404	0	0	0	0	0	0
0.42278	4	4	4	4	4	4
1.0668	5	5	1	5	1	5
0.61047	5	5	5	5	5	5
0.16866	4	4	4	4	4	4
1.54002	4	4	4	4	2	3
0.61047	3	4	1	4	1	1
1.20404	2	4	3	4	2	4
0.75931	1	5	3	4	2	2
1.11821	4	0	1	0	1	0
0.29404	4	4	3	4	3	3
0.15471	5	5	5	5	5	5
0.81085	3	5	1	5	1	1
0.60777	.	.	.	1	.	.
1.03546	3	5	5	5	2	5
2.08243	2	4	1	3	1	1
0.3276	4	4	4	4	2	2
0.67597	2	.	.	.	.	.
1.12895	5	5	5	5	1	5
0.40379	3	4	4	4	3	1
0.3276	2	2	1	1	1	1
1.45601	3	5	1	5	1	4
1.05217	3	0	0	0	0	0
1.0668	2	4	1	4	1	3
0.74213	1	.	3	4	4	2
0.66336	3	4	3	4	4	5
0.38639	5	5	1	5	1	5
1.89563	3	5	1	3	1	1
1.02214	1	1	1	2	2	1
0.17627	1	4	1	1	4	2
0.80005	2	5	0	5	3	4
0.76431	5	5	1	5	2	5
1.07062	4	4	4	4	4	4
0.75966	5	5	5	5	5	5
0.40196	4	5	3	0	5	4
1.11821	3	3	3	3	3	3
1.27935	4	4	4	4	4	4
1.03747	5	3	5	5	3	4
0.78507	5	5	5	5	1	3
1.25093	4	5	5	5	4	5
1.33511	4	4	4	4	4	4
1.03747	1	5	5	5	2	5
0.82386	5	5	1	5	5	5
0.96439	1	2	1	2	2	2
1.0668	4	5	1	5	1	3
0.40379	0	5	0	5	5	0
1.46558	5	4	1	5	3	2
1.23802	5	5	5	5	5	5
1.54002	4	4	1	4	1	1
0.69305	4	2	5	5	4	4
2.4054	5	5	1	5	3	3
1.39769	5	5	5	5	5	5
1.31308	.	.	.	.	5	.
0.58448	2	.	1	1	1	1
2.12266	0	5	5	0	0	0
1.23802	4	0	0	4	0	0
1.34206	5	5	1	5	1	5
1.11821	4	4	4	4	4	5
0.95647	3	1	1	3	1	1
2.17899	4	4	4	4	4	4
2.31302	4	4	3	3	2	2
1.0668	3	4	1	4	4	4
2.06947	1	4	1	4	2	2
1.18856	3	2	3	3	3	3
1.23802	5	5	5	5	5	5
0.75966	4	4	4	4	4	1
0.81411	4	4	5	5	4	5
0.2707	1	1	1	1	1	1
0.81085	4	4	4	4	2	2
1.86263	.	4	4	.	.	.
0.95401	1	1	3	5	3	4
0.75931	1	1	1	1	1	2
0.67464	1	4	1	1	1	1
1.69687	4	4	4	4	4	4
1.54798	5	5	5	5	5	5
0.21251	1	4	3	5	1	4
1.28089	4	4	4	4	4	4
1.36129	5	5	5	5	5	5
0.14519	3	5	1	0	1	5
1.11821	1	1	1	3	1	1
0.46745	5	5	5	5	3	5
0.44848	1	2	1	1	1	1
0.54374	1	5	1	5	1	4
0.16004	5	5	4	5	3	1
1.10436	5	5	1	5	1	5
2.39392	5	5	5	5	5	5
1.55219	5	5	1	5	1	1
1.03546	1	4	1	2	1	1
0.69867	5	5	0	5	2	3
1.03523	4	4	1	4	1	1
1.53084	5	5	5	5	3	3
0.73021	5	5	1	5	1	4
0.85474	3	5	0	3	0	0
0.61932	3	5	1	5	1	2
0.69778	4	5	1	5	1	3
1.66554	2	2	5	5	4	2
0.71189	5	5	5	5	4	5
0.70712	3	5	2	4	4	2
0.8423	4	5	5	5	1	1
1.29803	2	2	2	2	2	2
0.77341	3	3	3	2	2	4
0.90815	5	5	5	5	5	5
0.75489	5	5	1	5	2	3
0.74283	3	3	3	3	4	3
0.68628	3	5	1	3	1	1
0.68582	5	5	2	5	3	3
0.97963	3	5	2	4	1	2
0.74784	4	4	1	4	4	3
0.83501	4	5	1	5	1	1
0.76419	5	5	1	5	1	1
0.71323	4	5	1	3	3	4
0.97346	2	3	4	5	5	3
0.77707	5	5	0	5	5	5
0.74808	3	3	3	3	3	3
0.93656	4	4	3	4	4	3
1.24502	5	5	3	5	2	5
0.63279	4	5	2	5	4	2
0.91613	5	5	1	5	1	4
0.70481	4	5	0	5	2	1
0.67658	5	4	4	4	0	5
0.90569	5	5	5	5	5	5
0.88763	3	4	4	4	3	3
0.66831	4	5	1	5	1	5
0.65539	3	3	3	4	2	3
0.96154	4	5	3	4	2	1
0.79235	5	5	1	5	2	2
0.69945	2	2	3	3	4	4
0.80775	4	4	4	4	4	4
0.70845	4	5	0	5	1	3
0.71384	4	5	1	5	2	2
0.73662	3	4	3	4	3	2
0.80161	3	3	3	3	3	3
0.734	5	4	4	5	.	4
0.65674	4	5	1	4	4	4
0.63637	2	3	4	5	5	5
1.31347	4	4	3	3	3	4
0.70536	4	5	1	4	1	4
0.79728	4	5	1	5	4	2
0.87974	4	4	1	4	1	1
0.76917	4	5	5	5	3	3
0.63279	5	5	5	5	5	5
0.64158	3	5	1	5	1	1
0.69305	5	5	1	5	5	2
0.86919	1	2	3	4	4	5
0.74213	4	5	3	5	1	1
0.62932	5	5	1	5	2	4
1.93616	3	3	3	4	4	0
0.63637	5	5	1	5	3	3
0.75659	2	4	4	2	2	2
0.81887	3	5	1	5	2	2
0.73731	2	5	1	5	1	1
0.75606	4	5	3	5	1	3
0.88753	0	0	0	0	0	0
1.10695	4	4	4	4	4	4
0.62932	4	5	0	4	2	3
0.71143	2	2	1	1	1	1
0.79235	3	5	1	5	1	1
0.68916	4	5	2	5	1	3
0.72771	4	5	1	5	1	2
0.97672	3	3	0	3	0	3
0.89429	0	0	0	0	0	0
0.92476	2	2	5	5	0	0
1.55005	0	0	1	0	3	0
0.99035	5	5	5	4	5	5
0.68225	4	4	1	4	4	4
0.72603	5	5	0	.	0	5
0.76982	5	5	5	5	5	5
0.81887	2	5	3	5	2	3
0.70081	5	5	1	5	1	1
0.68582	4	4	4	4	4	4
0.62749	3	2	3	3	5	4
0.84063	3	5	1	5	4	4
0.66609	2	2	2	2	2	2
0.60534	4	5	1	4	1	4
1.51036	4	5	0	5	2	3
0.86059	3	5	2	5	2	2
0.68175	5	5	0	5	5	5
0.91999	5	5	0	5	1	4
0.68259	4	4	2	4	3	4
0.86781	3	3	3	3	3	3
0.78443	5	5	5	5	5	5
1.02454	5	5	5	5	5	5
1.51036	2	5	5	4	2	2
0.71323	4	5	2	5	5	4
0.734	0	0	2	0	0	0
0.67082	5	5	0	5	4	3
1.07001	2	.	1	2	3	3
0.68582	5	5	1	4	1	2
1.34903	2	5	1	5	2	1
0.78821	4	4	1	4	1	1
2.49998	5	4	2	5	5	3
2.35724	4	4	2	4	2	3
0.9793	5	5	0	5	3	4
0.79279	1	4	1	4	1	5
1.09836	5	5	1	5	5	5
2.16575	4	4	1	4	2	4
1.18541	1	2	3	2	2	4
1.37924	5	4	2	.	2	3
0.83542	5	4	1	4	1	4
1.72693	4	3	4	3	4	4
1.52215	1	4	4	4	1	4
1.22407	4	4	4	4	1	1
0.83466	3	4	1	4	1	1
1.4838	4	4	4	.	4	4
2.43824	1	2	2	2	2	4
0.96519	3	4	2	4	3	4
2.19856	4	4	4	4	4	4
1.63109	5	5	1	5	5	5
0.82171	2	2	2	2	2	2
0.95632	2	3	1	5	2	1
1.37924	5	4	3	1	3	1
1.10184	3	4	4	4	4	4
2.92021	1	2	1	5	2	2
2.92021	1	2	2	2	1	2
1.69582	4	4	4	4	4	4
1.64535	3	3	3	3	3	3
0.48168	5	5	5	5	5	5
0.7537	4	4	4	4	1	4
0.75877	.	2	4	.	3	2
0.95757	.	4	2	.	5	5
1.24553	.	4	.	.	.	.
1.12851	4	4	4	4	4	4
0.96954	.	.	4	4	4	.
1.23116	2	3	2	3	1	3
0.85321	3	5	1	5	2	2
1.23624	5	3	1	5	1	3
3.94096	4	5	1	5	5	4
3.51669	4	4	3	4	4	1
2.28138	2	2	1	2	1	1
2.21497	1	1	1	1	1	1
1.34903	1	2	3	1	3	2
0.93224	5	5	1	5	4	4
1.36375	4	4	1	4	1	1
1.95712	3	4	1	4	1	3
0.96954	5	5	5	5	5	5
1.00974	4	4	2	4	3	1
1.10184	2	2	2	2	2	2
2.19856	1	4	3	4	4	1
0.73576	3	3	3	0	3	2
0.53347	3	3	1	3	2	4
1.02824	1	1	1	1	1	1
1.54908	4	4	1	4	3	4
0.91239	1	5	1	5	4	5
0.94545	4	4	4	4	4	4
1.64535	1	4	4	4	1	1
0.67361	4	4	1	4	1	4
1.3345	2	5	4	2	5	3
1.00974	4	4	4	4	3	4
0.96954	1	4	4	4	4	4
1.19608	3	5	1	2	1	1
1.92147	5	5	1	5	5	5
3.00835	1	4	1	4	4	1
0.96066	4	5	3	5	4	4
0.94137	4	5	1	5	0	1
1.02963	4	4	1	4	1	4
0.62589	2	.	2	2	2	2
0.47413	3	5	3	4	4	2
1.06424	2	5	1	5	1	3
0.71968	3	5	2	5	0	5
1.35158	0	0	0	0	0	0
1.17862	2	4	1	4	1	4
1.03378	2	4	3	4	4	1
0.95632	3	3	3	3	3	2
1.23116	4	4	1	4	4	4
1.18489	3	3	3	3	3	3
0.71977	4	5	1	5	1	2
0.98558	5	5	1	5	1	5
0.97865	5	4	3	3	3	0
1.46255	0	4	0	5	5	0
0.80906	4	4	4	4	4	4
1.4838	4	5	5	5	0	0
3.05363	3	2	4	3	4	3
0.49764	2	5	1	5	2	5
0.57343	5	5	5	5	2	2
1.22632	5	2	3	3	3	5
0.78642	4	4	4	4	4	4
1.99134	4	5	1	5	4	1
1.96576	1	5	1	5	4	5
1.21035	4	4	3	4	3	3
1.4619	5	5	5	5	5	5
1.03378	2	5	1	5	2	1
0.7537	1	5	1	5	4	4
0.98354	2	3	2	3	3	3
0.97082	5	5	1	5	2	1
0.62446	5	5	5	5	5	5
1.25192	4	4	1	4	1	4
2.01269	3	3	3	3	3	3
1.17862	3	4	1	4	4	1
0.57534	5	5	1	5	1	5
0.74343	2	4	3	2	1	4
0.72049	1	5	1	1	1	1
0.75682	3	4	1	4	4	4
0.70805	4	4	4	4	1	4
0.74196	3	5	1	3	1	1
1.41881	4	4	1	4	4	.
0.73808	4	5	1	3	1	4
0.66994	4	4	0	4	5	4
0.47839	1	0	1	0	1	1
0.7043	3	4	.	1	1	1
0.14876	3	5	0	5	0	5
1.56232	3	4	3	4	3	3
0.14342	3	5	0	5	4	4
0.81258	5	5	5	5	5	5
1.62477	4	4	0	4	0	4
0.68358	4	4	4	4	4	4
0.66937	5	5	1	5	3	4
0.78255	5	5	5	5	5	5
0.7043	3	3	3	4	3	4
0.75857	2	4	2	4	4	4
0.74253	3	3	1	3	1	1
0.69527	4	4	4	4	4	4
0.15055	5	4	2	5	3	4
0.7043	4	5	2	4	1	4
0.71489	5	5	5	5	4	4
1.41881	4	4	1	4	2	4
0.1003	3	3	3	4	3	4
0.70121	4	4	0	4	2	4
0.7043	4	5	1	3	1	1
0.75007	4	4	1	1	1	1
0.21313	5	5	1	4	2	2
0.68576	2	3	4	2	4	2
0.14408	3	5	3	2	3	5
0.61466	1	5	1	5	5	5
1.68156	2	.	.	.	.	.
0.15517	5	5	1	5	5	5
0.73944	4	4	4	4	4	4
0.7043	3	3	3	3	3	3
0.69841	3	5	3	5	3	3
0.15535	2	4	1	1	4	4
0.20667	5	5	1	4	3	1
0.74426	4	4	1	4	1	4
1.44098	3	5	3	4	4	4
0.76679	5	5	5	5	5	5
0.7043	4	4	4	4	3	3
0.7043	5	5	1	5	3	1
0.71007	4	4	1	4	4	4
0.69841	1	3	2	4	3	1
0.65793	4	5	1	5	4	4
0.80491	5	4	4	5	5	4
0.21313	5	5	1	5	1	1
0.71007	5	5	5	5	5	5
0.14267	2	5	0	5	1	2
0.7043	4	4	1	4	4	4
0.76485	4	5	0	5	2	4
0.71489	2	2	1	1	1	1
1.45519	1	2	1	2	1	2
1.58252	3	4	1	4	3	1
1.58573	0	0	0	0	1	0
0.73784	1	2	2	2	3	3
0.14536	4	5	1	2	1	1
0.69841	3	5	5	5	5	4
0.58513	5	5	5	5	5	5
0.69836	4	4	3	4	4	4
0.6249	4	4	1	4	1	4
0.77247	4	5	0	5	3	1
0.70849	3	3	3	3	3	3
1.41881	1	4	2	3	5	2
0.70098	4	4	1	4	3	3
0.71637	5	5	1	1	1	1
0.69656	4	5	1	5	1	3
0.7043	3	4	1	4	1	1
0.15517	5	5	4	3	2	3
0.63722	0	0	0	0	0	0
0.7528	5	5	5	5	5	5
0.14324	5	5	1	5	1	5
0.7043	4	4	4	4	4	4
0.75233	5	5	3	5	4	4
0.73784	4	4	4	4	4	4
1.45519	4	4	4	3	4	4
0.15152	1	2	1	3	2	4
0.69101	5	0	0	0	0	0
0.70043	2	3	4	5	0	4
0.73758	2	2	2	2	2	2
1.41881	1	5	4	2	1	0
0.70098	4	4	1	4	1	1
0.69515	5	.	.	.	.	.
0.69967	4	4	1	4	4	4
0.14246	4	4	3	4	4	4
0.29073	3	5	3	5	3	2
1.48975	5	5	1	5	1	1
0.15197	3	5	4	5	5	4
0.70896	5	5	1	5	1	5
0.20667	2	5	1	1	1	4
0.76679	2	3	2	2	3	3
0.7043	3	5	3	4	1	1
1.56232	5	5	1	5	3	4
0.74685	1	5	2	3	0	0
0.69126	5	4	2	4	3	3
0.67559	4	4	4	4	4	.
0.74137	4	4	4	4	4	4
0.63775	1	0	1	2	4	2
1.40856	2	5	3	3	3	3
0.65821	1	4	1	4	1	1
0.71033	.	.	.	5	.	.
0.78486	3	3	3	3	3	3
0.79318	4	4	1	4	1	4
0.70485	2	4	3	2	4	3
0.68054	3	2	3	3	2	1
0.70783	3	3	0	3	4	0
0.63186	2	2	2	2	2	2
0.61945	2	2	2	3	3	3
0.67869	3	3	3	3	3	3
0.63928	4	4	2	2	1	1
0.75131	0	0	0	0	0	0
0.67596	4	4	0	4	0	0
0.73614	0	4	5	5	3	0
0.7884	4	4	4	4	4	4
1.50485	2	2	2	2	2	2
0.67113	4	.	3	.	4	3
0.57618	0	5	5	5	5	5
0.64112	3	2	4	3	2	1
0.64875	1	3	2	2	0	0
1.0076	4	4	4	4	4	4
0.70514	1	5	2	3	2	3
0.70123	4	4	3	4	3	3
0.70485	3	3	1	3	3	3
0.67981	1	5	1	5	5	5
0.78555	5	5	5	5	5	5
0.66842	3	5	2	5	5	5
0.70783	3	5	2	4	3	5
0.72961	2	5	2	5	5	5
0.67559	.	.	.	.	.	5
0.71447	2	5	1	1	1	1
0.6783	3	2	2	4	4	3
0.73989	2	2	4	4	5	0
0.7576	5	5	5	5	5	5
0.70514	3	3	3	3	3	3
0.7576	2	5	5	5	2	2
0.63775	3	3	3	3	3	3
0.68054	3	3	4	3	4	5
0.55171	3	3	2	3	3	3
0.70711	3	3	4	4	5	0
0.68069	5	0	0	0	5	5
0.74524	1	2	3	5	3	1
0.55875	4	4	4	4	4	4
0.91648	5	5	5	5	5	5
0.79695	3	4	4	4	4	4
0.66783	3	2	2	3	3	4
0.69302	4	4	0	4	0	4
0.74524	4	4	4	4	4	4
0.7173	2	2	2	2	2	2
0.72648	1	2	2	1	2	1
0.7711	4	4	4	4	4	4
0.73989	4	5	5	5	5	5
0.3649	1	1	1	1	1	1
0.71008	0	5	4	4	5	3
0.96602	3	4	1	4	3	5
0.61945	1	1	2	3	3	4
0.76337	1	1	1	1	1	1
0.7576	2	4	1	4	4	5
0.68894	5	5	5	0	5	5
0.75131	5	5	4	5	3	3
0.70123	2	1	2	5	5	5
0.70711	3	1	3	3	5	2
0.67074	2	1	1	2	2	2
0.88761	0	0	0	0	0	0
0.7699	3	4	5	5	2	5
0.62023	.	.	3	.	5	5
0.7336	3	5	1	2	.	5
0.73115	5	5	0	5	5	3
0.73312	4	4	4	4	4	4
0.88761	5	5	5	4	3	1
0.62023	2	2	2	2	2	2
0.62899	2	2	2	2	2	3
1.47868	.	.	4	.	.	.
0.63189	2	2	3	2	2	2
0.64589	3	3	4	4	4	4
1.15422	3	5	5	5	5	5
0.73541	5	5	5	5	5	5
0.75044	4	4	1	1	4	4
0.73541	4	3	3	4	4	3
0.73614	5	5	5	5	5	5
0.55875	5	5	5	5	5	5
0.79695	1	5	5	5	5	5
0.75965	5	5	5	5	5	5
0.82305	5	5	5	5	5	5
0.7483	4	4	4	4	4	4
0.46426	5	5	5	5	5	5
0.70783	3	4	1	4	1	1
0.7576	3	5	2	3	3	3
0.75768	2	2	2	2	2	2
0.4105	4	5	5	5	5	5
0.80256	5	5	5	5	5	5
0.98664	.	4	5	.	5	5
0.63955	1	5	1	5	3	2
0.77801	3	3	3	3	3	3
0.63186	1	5	1	5	3	5
0.7576	0	0	0	0	0	0
0.61314	2	.	.	.	.	.
1.03416	1	1	0	1	1	1
1.12909	2	3	2	4	2	2
0.60373	4	4	4	4	4	4
1.04418	4	4	1	4	1	1
1.12909	1	1	1	1	1	1
0.62791	4	4	1	4	1	1
0.62908	3	5	2	5	3	4
0.53033	3	3	3	3	3	3
0.91322	5	5	2	5	5	1
0.57451	2	5	3	1	2	1
0.85315	5	5	5	5	5	5
0.74907	2	5	3	5	2	3
0.78511	5	5	5	5	5	5
1.10138	1	2	2	2	3	4
0.75262	4	5	1	2	1	4
0.89477	1	5	1	5	1	1
0.77947	1	3	.	5	.	5
0.60116	1	4	1	4	1	1
1.87282	1	5	3	5	1	1
0.75408	3	3	3	3	3	2
1.04418	3	5	2	5	1	4
0.58893	5	5	1	5	1	5
1.05999	5	5	5	5	5	5
0.48613	2	3	2	4	4	5
0.5373	4	4	1	4	4	4
0.85515	2	5	5	5	0	4
0.61243	4	5	4	5	1	4
0.75408	3	4	4	4	4	3
1.10441	4	4	1	4	4	4
0.55632	5	5	1	5	1	1
0.52498	1	5	1	1	1	1
0.87358	5	5	5	5	5	5
0.72898	0	0	0	0	0	0
0.71112	4	4	1	4	3	0
1.10355	5	.	5	4	4	4
0.57639	3	3	1	3	1	1
0.58694	4	5	0	5	0	2
0.51086	3	3	1	1	1	1
0.59552	4	4	4	3	3	4
0.91775	4	4	4	4	4	4
1.12909	4	4	4	4	4	4
0.60056	4	4	4	4	4	4
0.64144	5	5	1	4	4	5
1.22331	3	4	1	4	3	1
0.91762	0	0	0	0	0	0
0.71859	5	5	5	5	1	1
0.75262	3	5	2	5	3	3
0.56184	4	4	1	4	1	4
0.7472	5	5	5	5	5	5
0.91775	4	5	0	5	2	3
0.54494	5	5	5	5	5	0
1.10813	2	5	1	5	1	1
1.2612	3	5	1	5	1	1
0.55116	4	4	1	4	4	4
0.61268	5	5	5	5	5	5
0.9132	5	5	5	5	5	5
0.56455	4	4	4	4	4	4
0.64339	4	5	2	1	1	1
0.74907	5	5	5	4	5	0
1.24116	4	4	1	4	4	4
0.86276	2	5	2	5	3	3
1.08975	4	4	4	4	4	4
0.68572	5	5	3	5	5	2
0.95182	5	5	0	5	5	1
0.80293	5	5	1	5	2	5
0.86276	1	1	1	2	2	0
0.51652	4	4	2	4	4	4
0.57641	4	4	1	4	3	1
0.61535	0	0	1	0	2	1
0.64339	4	5	1	5	1	1
0.62257	1	1	1	1	1	1
0.7121	5	5	1	5	1	5
0.48613	5	5	1	5	5	5
1.16174	3	5	1	4	1	4
1.19009	2	2	4	4	1	5
0.94293	5	4	1	5	.	5
0.74907	5	5	3	5	1	1
1.07266	5	5	1	5	5	3
0.73123	4	5	5	5	5	3
0.9883	1	1	1	2	2	3
0.59525	3	3	3	3	3	3
0.54494	.	.	4	2	5	5
1.17482	2	5	1	5	3	3
0.78334	3	2	1	4	1	1
0.81552	5	2	5	5	3	3
1.04418	3	4	0	4	5	5
0.6683	4	5	0	5	5	0
0.50219	1	2	2	1	1	1
0.53033	4	4	1	1	1	4
0.55632	4	4	3	4	4	3
0.9132	4	5	2	5	2	4
1.34767	5	5	3	4	2	2
1.04418	3	5	3	5	1	1
1.24116	5	2	1	3	5	5
1.35708	4	4	1	4	3	3
0.72858	5	5	5	5	5	4
0.577	0	0	0	0	0	0
0.5373	5	5	1	5	1	5
0.88036	5	5	1	5	5	5
1.65176	4	5	1	5	2	2
0.63318	2	3	3	3	3	3
0.26525	5	5	1	5	2	1
0.8949	4	5	1	3	2	3
0.62987	1	5	1	0	1	0
0.28905	3	3	1	3	1	1
0.3998	5	5	4	5	1	1
0.74238	4	4	4	4	4	3
0.29177	4	5	1	5	2	3
0.81848	5	4	5	4	4	0
0.55309	4	4	1	4	4	1
1.22484	5	5	0	5	5	5
1.33658	4	5	3	4	1	1
0.99184	3	4	0	5	4	5
1.1034	5	5	5	5	5	5
0.386	2	4	3	5	5	5
1.37708	4	5	1	5	1	2
0.33156	2	5	4	5	5	0
1.01304	5	5	1	5	5	5
2.24123	3	4	1	5	3	4
0.28142	3	5	1	4	1	2
0.79873	4	5	3	5	4	3
0.54809	4	4	0	4	0	0
1.49977	5	5	5	5	4	2
1.8416	5	5	5	5	5	5
1.22122	4	4	4	4	4	4
1.18938	3	5	1	3	3	1
0.78719	3	5	1	3	3	1
0.6522	2	5	1	2	2	1
0.45471	4	5	1	5	1	5
0.43074	5	5	1	5	1	4
0.43447	4	5	0	5	1	4
1.3532	.	5	1	5	4	1
0.46987	5	5	5	5	5	1
1.39052	3	5	1	5	3	4
0.51777	5	5	5	5	5	5
0.79873	1	5	1	5	1	1
0.28354	5	5	1	5	1	1
0.39351	5	5	5	5	5	5
1.84395	3	4	1	5	3	5
1.30297	4	4	1	5	4	1
0.91953	4	4	4	4	3	3
0.64418	5	5	1	5	0	5
0.62833	3	5	1	1	1	1
2.25722	4	4	4	4	4	4
0.4105	2	5	1	2	2	1
0.35803	2	2	2	2	2	2
0.92606	2	3	2	3	3	5
0.64888	4	5	0	5	4	2
0.31405	5	5	1	5	1	1
0.28354	3	5	1	5	1	4
0.45471	4	4	3	4	5	2
1.65176	4	5	2	4	2	1
0.60865	1	4	1	4	3	3
0.31498	5	3	3	4	3	4
0.86762	2	2	1	2	1	1
1.19706	4	4	2	4	3	1
0.51777	3	5	3	5	5	3
1.63083	5	4	1	5	1	4
0.42638	5	5	1	5	3	5
1.11034	4	4	1	5	3	4
0.60952	2	4	2	2	2	1
0.51688	5	5	5	5	5	5
0.63944	4	4	2	4	2	1
2.43741	5	5	5	5	5	5
0.70072	3	3	3	3	3	3
0.67801	5	5	3	5	3	1
0.31577	2	3	4	3	3	4
1.65176	5	5	4	5	2	2
0.67619	5	5	0	5	0	0
3.65949	3	3	3	.	3	3
0.67653	3	3	3	3	3	3
0.62024	5	4	3	.	1	2
0.49513	5	4	0	5	4	5
1.58441	4	5	2	3	3	3
0.91953	3	5	1	3	1	1
0.28735	3	3	3	3	3	3
0.30957	5	5	5	5	3	5
0.32571	3	3	3	3	3	3
1.87193	1	1	1	1	1	1
0.26525	4	5	1	4	2	1
0.31363	0	0	0	0	0	0
0.62833	4	5	0	5	0	2
2.24123	0	0	1	0	1	1
0.49102	3	4	1	4	3	3
0.31405	3	5	3	5	5	5
0.31008	3	3	4	3	3	1
0.29655	4	5	0	5	1	1
0.92761	4	5	1	5	5	3
0.35981	3	5	1	4	3	5
0.43198	5	5	5	5	5	5
0.35562	4	5	1	4	1	4
0.54504	5	5	3	4	3	4
0.31577	5	5	5	5	5	5
1.28689	4	5	1	5	1	2
1.38322	4	4	1	4	1	1
0.37959	2	4	3	4	2	4
0.35803	5	5	5	5	1	5
1.53641	3	4	4	3	4	4
0.5665	2	4	2	3	3	4
0.74903	4	4	1	4	1	4
0.65694	1	5	4	5	3	5
0.67997	5	5	5	5	1	5
0.81265	5	5	2	5	4	5
1.06948	5	5	0	5	5	2
0.8352	5	5	5	5	5	5
0.79355	1	0	0	0	4	5
0.68595	5	5	5	5	5	5
0.81062	5	5	4	5	1	1
0.85121	3	5	1	5	2	4
0.83178	4	4	4	4	4	4
0.91117	5	5	5	5	5	5
0.91117	4	5	1	5	3	3
0.8848	5	5	5	5	5	5
0.73589	3	5	4	5	1	2
0.86179	5	5	5	5	5	5
0.7878	4	5	.	4	4	4
0.79807	3	.	3	4	2	3
0.84664	2	5	0	5	0	3
0.97312	4	2	4	5	1	3
0.71477	5	5	1	5	1	5
0.79638	3	4	1	5	1	4
0.98706	2	5	5	5	4	4
0.84697	5	5	2	5	1	4
0.88917	1	3	4	3	5	2
0.81265	5	5	1	5	1	4
0.81316	0	0	1	0	1	0
0.79464	1	5	5	5	5	2
0.77075	4	5	3	5	1	2
0.86438	5	5	5	5	5	5
0.92847	2	5	5	5	4	4
0.68722	5	5	0	5	0	5
0.81143	4	4	4	1	1	1
0.75884	3	5	2	5	0	5
0.70637	4	5	0	5	0	2
0.65759	5	5	0	5	4	5
0.66908	3	5	1	5	1	5
0.8837	1	1	1	1	1	2
0.92724	5	5	1	5	1	5
0.80785	5	5	1	4	3	4
0.82118	4	4	4	4	4	4
0.74473	4	4	3	5	3	5
0.80655	3	5	4	.	3	5
0.6981	1	1	1	1	1	1
0.79241	1	4	1	4	1	1
0.57719	4	5	1	5	1	2
0.95171	1	5	3	5	0	4
0.77448	1	5	4	5	1	3
0.75834	4	5	0	5	0	3
0.89359	4	4	4	4	4	4
0.89359	5	5	1	5	4	4
0.91694	4	4	2	5	1	4
0.72547	1	5	1	4	1	1
0.87632	4	4	4	4	4	4
0.70944	5	5	5	5	1	5
0.73886	4	4	4	4	1	3
1.00596	3	5	1	5	1	2
0.90782	4	4	1	4	1	4
0.81342	3	.	4	4	3	3
0.80178	5	5	2	5	1	4
0.92016	4	5	5	.	2	1
0.87637	2	5	4	5	4	4
0.70385	5	3	0	5	5	2
0.84478	0	0	4	0	3	1
0.85839	1	5	1	5	1	1
0.87585	4	5	2	5	4	3
0.86387	0	3	5	4	5	1
0.72547	2	4	3	.	2	5
0.84654	5	5	3	5	1	5
0.90005	5	5	5	5	5	5
0.69082	5	5	1	5	1	4
0.73589	4	5	2	5	3	2
0.69678	5	5	5	5	5	5
0.74434	3	5	2	5	1	2
0.95087	4	3	4	3	5	4
0.65759	2	5	2	5	1	1
0.71224	5	5	1	5	1	5
0.73196	5	5	5	5	1	5
0.88917	4	4	1	4	2	4
0.82735	3	.	5	5	3	1
0.85855	2	5	4	4	3	3
0.67997	4	1	1	5	1	0
0.81388	5	5	1	5	3	4
0.81411	1	1	1	1	1	1
0.71259	1	5	1	4	1	1
1.10263	3	5	1	5	5	5
0.90005	5	5	3	5	0	5
0.74473	5	5	0	5	0	5
0.89863	3	5	3	5	2	1
0.76557	4	4	4	4	4	4
0.87558	5	5	1	5	4	5
0.85569	4	5	5	5	5	5
0.71436	5	5	1	5	3	2
0.79729	5	5	3	5	2	4
0.82582	3	4	3	5	3	4
0.69089	5	5	0	5	2	5
0.85855	5	5	5	5	5	5
0.75834	4	4	1	4	1	1
0.81296	3	5	5	5	3	3
0.77586	4	5	1	5	1	3
0.66316	1	2	1	1	1	1
0.8746	1	5	1	1	1	1
1.0132	4	1	1	4	1	1
0.06141	3	4	1	1	1	4
1.28868	2	5	1	3	1	1
0.89863	4	3	3	2	3	1
0.73544	3	5	5	3	3	5
1.16595	5	5	5	5	5	5
2.39781	2	4	1	1	1	2
0.71704	5	4	4	5	5	5
1.0132	4	4	1	4	1	4
0.83093	4	4	1	1	1	1
0.06409	5	5	1	1	1	5
0.7291	2	5	0	5	1	4
0.142	1	4	1	1	1	1
1.02661	4	4	1	1	3	4
0.0915	1	4	1	4	1	4
1.04405	2	5	1	.	.	5
0.85594	4	4	4	4	4	4
1.23136	5	5	5	5	5	5
0.07548	1	4	1	1	1	1
0.93302	5	5	1	5	1	5
0.85843	3	5	1	3	1	4
0.7291	5	5	5	5	5	5
1.45676	3	3	0	5	0	0
0.0874	0	4	0	3	0	5
0.68886	4	4	2	2	3	5
0.67133	3	4	1	4	3	3
1.57913	5	5	1	3	3	2
2.08297	4	5	2	3	2	1
0.79151	2	2	2	2	2	2
1.40131	3	3	3	3	3	3
1.57913	4	5	4	4	2	3
1.57913	3	4	3	3	1	2
0.85983	3	4	3	1	3	1
1.40357	4	4	4	4	1	1
1.19988	2	5	2	2	2	2
0.82773	2	5	5	1	1	5
0.81958	3	5	1	1	1	1
0.89572	4	5	2	5	5	3
1.03169	5	5	3	5	5	5
0.86251	4	5	2	3	2	3
0.73841	3	5	1	5	1	1
0.78973	1	4	4	4	1	1
0.84512	5	5	5	5	5	5
0.61779	4	4	1	1	1	4
1.88042	4	4	3	4	2	2
0.86251	4	4	2	2	2	4
0.84582	1	3	1	3	1	1
1.19988	4	4	3	3	3	3
0.78595	4	4	1	4	3	4
1.2807	4	4	4	4	4	4
0.14006	5	5	1	1	1	5
0.72718	3	4	1	1	1	1
1.04405	2	2	2	2	2	2
0.71122	4	4	4	4	4	4
1.10582	5	5	1	1	1	4
0.98925	5	4	4	4	4	4
0.66949	1	4	1	4	2	1
0.80247	4	5	2	3	5	2
0.58784	5	5	1	5	5	5
0.88728	4	4	3	4	4	5
1.65806	0	0	0	0	1	0
0.84976	4	4	1	4	4	2
0.85841	4	4	0	4	0	4
1.09835	4	4	4	4	4	4
0.85983	1	1	1	1	1	1
0.07377	3	4	1	1	2	1
0.06409	2	5	1	5	1	1
1.17974	5	5	5	5	3	5
0.9982	1	4	1	1	1	1
1.1011	4	4	4	4	4	4
1.2395	2	4	2	2	1	1
2.60134	3	5	3	5	5	2
0.9832	1	5	1	1	1	1
0.9832	2	5	1	4	1	1
0.91786	4	4	4	4	4	4
0.06409	4	4	2	3	1	3
0.73841	3	5	1	1	2	3
1.42751	2	2	2	2	2	2
1.30997	5	5	2	5	2	3
0.0874	2	5	1	1	1	1
0.73496	1	5	1	1	1	3
0.67133	4	4	3	1	1	1
0.03266	1	4	1	1	1	1
0.91308	3	5	1	1	1	1
0.92471	3	4	1	1	1	1
0.83093	1	1	1	1	1	1
0.85841	4	4	4	3	3	4
0.13237	3	4	1	1	3	3
0.22968	2	5	1	1	1	1
0.14282	3	3	3	3	3	3
0.94185	3	5	1	5	2	5
2.32478	4	4	4	2	1	4
0.05169	3	5	1	1	1	3
0.1122	4	4	1	1	1	1
0.02759	1	4	1	1	1	1
0.92015	3	5	1	1	3	3
0.9832	3	5	2	3	3	2
0.90916	5	5	5	5	5	5
0.75956	1	5	1	1	1	4
0.25964	5	5	0	5	5	5
0.82421	3	4	3	3	3	3
0.02973	0	5	5	5	2	2
0.04923	4	5	1	5	1	1
0.01142	1	2	1	1	1	1
0.70836	1	5	1	5	1	1
1.02403	1	1	1	1	1	1
0.06607	4	5	5	5	5	5
0.64106	2	3	2	2	2	3
0.61154	3	3	3	3	3	3
0.60659	2	4	1	2	4	1
0.60659	1	1	1	1	1	1
0.05319	0	4	0	2	4	4
0.05947	5	5	5	5	5	5
0.02262	1	4	.	4	3	1
1.2502	1	1	1	1	1	1
0.0483	3	5	5	4	4	1
0.17618	1	1	1	1	1	1
0.57278	1	4	2	4	2	2
0.71259	2	5	3	4	1	1
1.10911	3	4	4	4	2	1
0.80507	4	5	5	5	5	5
0.70359	4	4	0	4	3	3
1.10838	3	3	3	3	3	3
0.66114	1	5	5	5	1	1
0.05794	1	5	5	5	4	4
0.0321	5	5	2	5	3	5
0.96237	0	4	0	4	4	4
0.91087	4	4	4	4	4	4
0.9196	2	2	2	2	2	2
0.35618	4	4	1	1	1	1
0.46202	1	1	1	1	1	1
1.10493	2	4	1	1	1	1
0.02836	4	4	4	4	4	4
0.73841	0	4	0	4	0	0
0.94559	3	3	2	3	4	3
1.16954	5	4	3	5	3	5
0.25964	4	4	4	4	1	4
1.22039	1	5	1	5	1	5
0.99371	0	4	0	4	0	0
0.17618	2	3	3	3	3	4
0.71809	5	5	5	5	5	5
0.02973	5	5	5	5	3	3
0.05842	5	5	1	5	5	5
0.02087	1	1	1	1	1	1
0.02973	2	5	5	5	3	3
0.84169	4	4	3	5	4	4
0.89821	3	3	3	3	3	3
0.57456	4	4	3	3	4	4
0.5303	0	0	0	0	0	0
0.8646	1	5	1	5	4	2
0.92209	1	5	5	5	5	5
0.04985	4	4	4	4	2	2
0.89837	1	4	1	1	1	1
0.91509	4	4	1	4	1	1
0.99887	4	4	4	3	2	2
0.71809	2	2	2	2	2	2
0.51086	1	4	1	1	1	1
1.15374	1	5	5	5	3	5
0.74143	1	1	1	1	1	1
0.0397	2	.	3	2	2	2
0.05115	2	2	2	2	2	2
0.9151	4	4	4	3	3	1
0.08184	4	4	4	4	4	4
1.09069	4	.	4	3	3	4
0.03596	.	5	0	5	2	1
0.05115	1	4	1	1	1	1
0.71614	1	4	1	4	3	4
0.79614	4	5	0	5	3	2
0.83985	0	5	5	4	5	4
0.79614	1	4	1	1	1	1
0.01142	1	2	2	1	2	2
0.26613	4	4	4	4	4	4
0.02737	2	5	5	4	3	3
1.00146	2	2	3	3	2	2
0.06607	2	5	5	5	2	2
0.25734	1	4	1	4	3	1
0.89788	1	5	5	5	1	1
0.20274	4	3	2	5	4	3
1.17061	3	0	1	3	3	3
1.15485	5	4	1	1	1	1
0.06006	4	4	4	4	4	4
0.05043	4	5	5	5	3	3
0.68219	5	5	5	5	5	5
0.02728	1	3	1	3	1	3
0.9196	3	5	2	4	3	3
0.38522	1	5	3	3	3	3
0.0258	5	5	5	5	5	5
0.01272	1	4	1	3	1	1
0.60659	3	4	3	2	2	2
0.65813	4	4	4	4	4	4
0.71614	1	5	5	5	1	4
0.26475	1	4	1	4	4	4
1.22039	1	1	1	1	1	1
0.3536	3	4	3	4	4	4
0.83149	1	3	1	3	2	2
0.06336	1	4	1	1	1	1
1.00146	2	3	2	2	2	4
1.04687	3	4	1	4	1	1
0.60798	0	5	4	4	3	1
0.37142	2	5	2	3	1	2
0.83943	4	5	4	4	3	4
0.69221	1	4	3	3	2	3
0.72287	1	5	1	1	1	1
0.75565	2	5	1	2	1	2
0.68052	2	4	1	2	1	1
0.74553	3	5	4	5	3	3
0.71298	5	5	5	5	5	5
0.74161	2	2	3	3	2	1
0.10905	5	5	1	5	2	4
0.10613	2	5	4	5	3	5
0.77078	2	5	3	5	3	5
0.10613	5	5	5	5	1	5
0.77678	2	5	5	5	5	3
0.69656	1	4	4	4	1	4
0.68967	1	1	3	3	3	3
0.42814	1	2	1	1	1	1
0.75615	3	5	1	5	5	1
0.85948	5	5	5	5	1	5
0.78178	4	5	1	5	3	4
0.6071	2	2	1	1	2	1
0.75163	1	0	1	0	1	2
0.59003	3	3	4	4	4	4
0.87993	0	0	0	0	0	0
0.82364	4	4	0	4	3	3
0.77344	1	3	1	4	1	1
0.54765	3	3	3	3	3	3
0.07425	4	4	1	4	1	5
1.75192	5	5	5	5	5	5
0.78169	3	5	1	4	3	2
0.77359	4	5	1	5	3	5
0.68016	3	5	1	4	1	4
0.83234	0	5	0	5	0	0
0.65209	5	5	5	5	1	1
0.77678	4	4	3	4	3	1
0.49852	1	1	1	1	1	1
0.78556	2	4	1	4	1	1
0.83563	3	4	1	1	1	1
0.57207	0	0	4	0	5	0
0.62883	4	3	0	3	4	5
0.76515	3	5	3	5	2	1
0.7619	3	3	3	3	3	2
0.77359	3	3	3	3	3	2
0.6556	2	4	4	4	1	1
0.68016	5	5	5	5	3	5
0.1799	5	5	1	5	1	1
0.65138	5	5	3	2	2	1
0.77277	1	5	1	5	1	1
0.69221	0	2	0	0	0	0
0.60841	3	0	0	0	0	0
0.75454	5	5	3	3	3	2
0.60798	4	4	3	3	3	4
0.8266	3	4	4	4	2	2
0.74933	3	3	3	3	3	3
0.81921	0	0	0	0	0	0
0.78474	4	4	4	4	4	4
0.22427	2	2	2	2	2	2
0.74225	3	5	1	5	3	3
0.69739	5	5	0	5	2	5
0.79185	5	5	1	5	1	5
0.63808	2	5	1	1	1	4
0.8123	5	5	5	5	5	5
0.76211	4	4	4	4	3	4
0.76611	5	5	1	5	4	4
0.78273	4	4	4	4	.	0
0.68943	1	1	1	1	1	1
0.8361	5	5	5	5	5	5
0.68343	4	4	1	4	1	3
0.72265	1	5	0	3	4	5
0.67188	0	5	0	5	0	0
0.68145	4	4	4	4	5	5
0.49852	1	5	1	5	1	5
0.77078	0	3	0	4	4	5
0.80207	0	0	1	0	2	0
0.77372	4	4	4	4	4	1
0.72265	3	5	1	5	1	3
0.71298	3	3	3	3	3	3
0.68943	4	4	2	4	1	1
0.57601	4	4	4	4	3	3
0.4577	1	1	1	1	2	2
0.74951	4	5	1	5	1	4
0.80916	4	3	3	3	3	3
0.74951	5	5	3	5	0	2
0.82797	4	4	4	4	4	4
0.86383	4	4	4	4	4	4
0.37753	0	0	4	4	3	4
0.49852	2	1	1	1	1	1
0.76902	1	5	1	1	1	1
0.76119	3	3	1	3	1	4
0.50035	1	5	1	4	3	5
0.77372	5	5	5	5	5	5
0.07563	4	5	4	4	.	3
0.77101	2	5	3	4	4	4
0.70294	1	5	1	5	1	1
0.76211	4	4	4	4	4	4
0.68145	5	5	5	5	3	5
0.86915	3	5	1	5	2	2
0.76611	5	5	4	5	4	5
0.67188	5	5	5	5	5	5
0.9656	4	4	4	4	4	4
0.71291	5	0	1	1	0	0
0.77945	5	5	1	5	1	1
0.43661	3	.	5	5	4	4
0.61849	2	3	.	.	0	.
0.63432	4	3	4	4	4	5
1.4449	1	1	1	3	1	1
0.47745	4	5	1	4	1	1
0.66043	5	5	1	5	1	5
0.71839	5	5	0	5	0	4
0.51229	4	4	1	5	4	3
0.66107	1	.	.	.	.	.
0.76736	1	4	1	5	4	5
0.62412	1	3	3	3	5	4
0.44091	4	5	5	5	5	0
0.59865	3	3	3	3	3	3
1.32872	3	1	1	1	1	1
0.87176	5	5	5	5	5	5
0.79358	5	5	5	5	5	5
0.57016	1	0	1	0	1	1
0.77719	5	5	1	5	5	5
0.93567	1	1	1	1	1	1
0.50173	2	5	1	5	2	2
0.64647	1	5	5	5	1	1
0.64937	5	5	1	5	5	5
0.76736	5	5	1	5	1	5
0.80688	5	5	1	5	1	5
0.59446	2	2	2	2	3	3
0.83331	5	5	3	5	3	5
0.7221	3	3	3	3	3	3
0.50173	2	5	1	2	1	3
0.64937	3	5	1	5	1	1
0.73691	1	5	1	5	1	1
0.66043	0	0	0	0	0	0
0.64196	4	5	1	5	3	5
0.87425	5	5	1	5	1	5
0.75224	5	5	1	5	2	3
0.70511	5	4	1	3	1	1
0.55637	3	5	2	5	3	3
0.79741	5	5	1	5	1	1
0.67262	4	3	0	4	5	4
0.59446	5	5	0	5	1	5
0.59084	5	5	1	5	3	5
0.67163	5	5	1	5	3	4
0.74867	3	5	0	5	0	2
1.26863	5	4	1	5	1	1
0.54748	3	3	5	.	0	2
0.59408	5	5	1	5	5	5
0.80431	5	5	5	5	5	5
0.61507	1	1	1	1	1	5
0.62321	5	5	.	5	1	1
0.73441	4	3	5	5	4	2
0.50192	5	5	1	5	1	1
0.62963	5	5	5	5	5	5
0.72913	1	5	1	5	1	4
0.62257	5	5	0	5	0	5
0.49013	5	5	0	5	5	5
0.58586	5	5	5	5	5	5
0.59084	5	5	0	5	1	5
0.70976	4	4	1	4	4	1
0.77182	3	4	1	4	1	1
0.8175	4	5	1	5	3	2
0.50173	2	4	1	3	3	3
0.61688	5	4	1	4	1	1
0.67963	4	5	2	5	2	5
0.79388	5	5	0	5	0	3
0.77945	5	5	5	5	1	3
0.56595	3	3	3	3	3	3
0.94395	4	4	1	1	1	1
1.56385	0	.	.	.	.	.
0.86585	3	5	3	5	3	3
0.68923	5	5	5	5	5	2
0.47745	0	0	1	0	0	0
0.94509	1	5	1	2	1	3
0.62309	5	5	0	5	5	0
1.11389	3	5	3	5	3	2
0.66735	4	4	1	4	4	4
0.59496	4	4	4	4	4	4
0.61421	3	4	3	3	4	5
1.18348	1	5	1	5	1	3
0.75326	4	0	0	4	5	0
0.77607	2	5	5	5	1	5
0.62321	5	5	3	5	1	1
1.0279	5	5	1	5	1	1
1.26863	5	5	1	5	1	4
0.76606	5	5	1	5	2	4
0.57378	4	4	4	.	4	4
1.13419	3	5	0	5	1	1
0.95272	4	5	1	5	5	5
1.66598	5	5	1	5	1	5
0.69572	1	1	1	4	4	4
0.62257	4	3	4	1	2	3
0.48147	4	5	1	5	2	2
0.6568	2	5	0	5	1	2
0.58586	4	5	0	5	0	5
0.71935	4	4	1	4	3	3
0.69803	3	5	1	5	2	1
0.69387	5	5	5	5	5	5
0.7036	3	4	2	3	2	4
0.7868	2	5	1	2	1	1
1.44762	3	4	1	5	4	3
1.98668	4	4	4	4	3	3
0.96437	5	.	1	5	4	3
1.17037	5	5	2	5	1	3
0.99374	3	5	1	3	1	5
1.05649	5	5	5	5	5	1
1.41935	4	5	4	5	4	5
1.06154	4	4	1	5	1	5
1.00596	4	4	2	4	4	2
0.87138	2	5	0	5	2	3
0.73219	5	5	5	5	5	5
0.82738	5	5	1	5	1	2
1.09181	3	5	3	5	.	2
1.33476	5	5	4	5	2	5
0.88021	3	3	3	3	3	3
0.86595	5	5	2	5	2	2
0.80383	4	4	4	4	4	4
0.66267	5	5	5	5	5	5
0.96777	1	5	5	5	1	1
1.20341	5	5	4	5	3	3
0.9199	5	5	1	5	1	5
1.50294	5	5	0	5	1	3
0.75407	2	5	1	4	1	1
0.79647	5	5	5	5	4	4
0.80383	3	5	3	5	2	5
1.24761	2	2	2	2	2	2
0.9844	4	4	1	5	5	4
0.88164	3	5	1	5	2	3
0.97458	4	4	4	4	4	1
1.16784	5	5	1	5	2	5
0.79647	4	4	4	4	4	4
0.89468	5	5	1	5	3	5
1.07207	5	5	2	5	1	4
1.22831	5	5	5	5	5	5
0.87507	3	5	0	5	1	3
1.08205	4	4	4	4	2	3
1.16769	4	5	1	5	3	3
1.06915	1	1	1	1	1	1
0.79005	0	5	3	.	3	0
1.31437	5	5	5	.	4	4
1.42254	4	5	2	5	2	2
0.82533	2	5	2	2	2	2
1.00546	4	5	3	5	3	1
1.14267	5	5	1	5	1	1
0.94011	2	0	1	0	1	1
0.97458	5	.	1	5	1	5
1.21464	5	2	1	5	4	1
0.78806	3	4	1	4	4	4
1.46919	5	5	1	5	4	2
0.8897	5	4	1	5	1	5
1.02782	4	5	5	5	1	3
0.75775	5	5	5	5	5	5
0.94779	5	5	2	5	4	4
1.16919	1	5	0	5	1	4
0.91597	4	4	3	5	3	4
0.88164	5	5	1	5	5	3
0.82456	4	5	1	5	4	5
0.80418	5	1	4	5	2	5
2.03451	5	5	3	5	5	5
0.72128	5	5	.	5	.	.
0.71203	3	5	1	5	3	1
1.02976	3	5	5	5	3	4
0.66267	1	4	2	1	1	1
2.81396	4	5	1	5	1	5
0.6664	4	5	1	5	3	3
0.6657	3	4	4	4	3	3
2.5813	4	5	1	5	1	2
0.78806	3	4	1	4	1	1
0.83845	5	5	2	5	2	2
0.93923	5	5	5	5	5	5
0.87423	5	5	5	5	2	3
0.82372	5	5	5	5	5	5
1.75625	4	4	1	4	.	3
1.20341	2	5	5	5	1	5
1.38091	4	4	1	4	1	4
0.76163	5	5	3	5	3	2
1.28803	4	4	3	4	1	1
1.63712	2	5	3	4	1	1
1.20753	3	4	1	3	1	3
1.18579	4	4	1	4	1	1
1.01946	4	5	2	4	4	3
0.83845	3	5	3	5	3	2
1.25981	4	5	3	5	3	2
1.01946	0	5	0	5	5	5
0.78806	3	4	4	4	3	3
0.91145	3	5	1	5	3	2
0.84405	5	5	0	5	2	2
0.91583	5	5	0	5	4	4
1.12283	5	5	1	5	4	2
1.09001	3	5	4	5	3	3
1.18579	3	5	1	5	2	3
0.87758	2	4	1	4	3	4
1.09001	4	5	2	5	2	4
1.17646	3	5	1	5	3	5
1.26291	0	0	0	0	0	0
0.90505	5	5	4	4	1	4
0.49601	.	.	3	2	0	0
0.80383	3	5	1	5	2	5
1.31417	4	4	4	4	4	4
0.64333	5	1	5	5	5	5
